0 1 2 3 4 5 
6 7 8 9 10 11 8 12 
13 14 15 16 17 18 19 16 20 21 16 22 
23 24 25 26 27 28 29 
30 31 32 33 34 35 36 37 38 
39 40 41 42 43 44 45 46 
47 48 49 50 51 52 53 54 55 56 
57 58 59 60 
61 62 63 64 
65 66 67 68 69 70 71 72 73 74 
75 76 77 78 79 80 81 82 83 84 85 67 86 87 
88 89 90 91 92 93 94 95 96 97 
83 84 85 
98 99 100 101 102 
103 104 105 106 
107 108 109 42 110 111 
112 113 114 115 83 84 116 117 118 119 
120 95 121 122 123 124 125 126 127 128 95 129 
130 131 132 133 134 135 136 137 138 139 
140 141 142 143 144 145 146 147 148 149 150 151 152 
153 154 155 156 157 158 159 160 161 162 
163 164 165 
166 167 168 169 83 84 85 
10 9 170 171 9 119 172 173 174 
175 176 124 177 
50 31 178 179 180 181 106 182 183 184 
185 186 187 185 186 188 187 95 185 186 189 
190 191 192 193 194 194 113 190 195 196 
197 198 199 104 200 201 202 203 106 
134 133 130 131 204 205 
206 207 208 209 210 211 212 213 214 207 
215 216 217 218 192 219 220 40 221 192 219 220 40 221 
222 223 224 224 225 226 227 228 
229 230 231 232 233 234 235 236 237 238 
239 240 241 40 242 
243 244 245 246 247 248 249 250 
251 252 253 254 255 
256 257 258 259 260 261 262 263 
264 154 83 84 85 
265 266 267 268 269 270 
271 272 190 191 192 193 273 274 
275 276 277 229 230 278 
279 280 254 281 
4 282 283 284 285 274 
286 287 83 84 85 288 66 
289 290 291 292 293 
294 295 296 85 66 80 297 298 299 
300 301 302 303 304 305 306 307 308 309 
310 311 274 312 313 314 315 316 317 318 319 
320 321 322 323 
324 325 326 327 328 329 330 
331 332 333 334 335 31 336 331 332 333 337 338 322 
10 339 340 341 342 268 343 344 
345 346 51 303 347 303 348 349 350 351 345 346 
352 85 353 296 354 355 
50 356 47 53 357 358 
359 115 360 361 362 363 364 
365 366 365 367 173 368 369 99 370 
371 372 373 374 375 363 364 376 377 378 
259 379 322 323 380 320 
381 382 383 229 230 
384 385 89 386 387 89 388 387 389 390 
391 392 393 394 395 396 392 
192 397 398 399 257 258 400 257 401 393 
402 403 
133 134 404 405 130 406 407 408 409 130 
410 411 412 413 414 415 416 415 417 418 410 
113 190 419 192 193 49 83 84 420 
421 422 296 85 333 423 124 424 425 
130 131 404 426 427 428 94 130 131 429 130 430 
336 331 431 335 393 432 433 
40 274 434 435 
107 108 109 42 110 111 107 108 436 437 438 439 
399 156 440 157 
441 442 443 444 442 291 445 314 
141 446 447 448 449 450 451 
452 453 454 364 455 456 
457 281 458 254 459 460 461 462 353 254 463 464 
277 76 465 192 193 466 467 287 268 468 
469 470 366 471 472 365 473 474 475 365 472 476 
477 254 478 479 
480 481 482 483 9 484 266 485 486 
229 230 466 341 487 238 194 194 229 230 488 489 490 
491 492 238 493 494 
81 495 496 497 82 296 85 
498 85 499 500 232 501 296 391 
502 503 504 505 506 507 333 508 
509 510 511 512 513 514 
515 516 517 518 519 520 521 522 523 
155 274 229 230 147 466 277 275 236 277 232 524 501 525 235 526 
527 528 529 530 531 532 533 376 534 535 321 
536 537 106 50 
232 296 85 333 264 538 
539 104 201 202 106 273 274 
287 104 540 541 106 
542 89 543 544 210 211 545 546 547 548 333 
549 287 104 201 106 550 551 274 
552 322 432 553 214 554 555 321 556 551 173 557 116 
532 558 321 285 559 560 
294 113 190 561 192 193 83 84 562 
130 131 563 136 285 133 134 564 565 
89 566 567 568 
569 570 571 572 573 
574 356 47 575 576 577 578 579 47 580 581 582 583 
584 585 586 40 587 586 40 67 588 67 589 
364 590 292 591 373 592 300 182 593 363 364 376 594 
595 234 596 597 80 598 599 600 601 602 40 603 604 605 603 481 
606 40 607 608 609 610 40 611 612 613 614 615 616 617 618 
619 620 621 622 623 624 40 625 
530 532 626 285 559 48 262 627 628 629 630 631 
632 448 101 
633 229 230 58 634 635 491 238 636 637 638 
639 67 113 190 83 84 192 193 640 419 641 
642 643 272 
644 645 646 647 262 648 649 647 646 
650 651 652 653 210 523 
654 655 656 657 658 659 660 657 661 662 
663 274 664 665 666 
667 498 668 669 670 296 85 
530 532 671 560 
229 230 672 466 276 238 9 673 674 675 
676 281 677 254 678 
679 680 133 134 681 130 131 205 
177 682 683 684 31 685 31 160 686 687 
688 689 690 691 692 
467 356 693 47 56 467 356 693 694 95 695 696 
697 698 510 699 700 67 701 702 
703 704 705 103 124 177 
706 113 190 707 192 193 708 709 
710 711 712 26 713 714 220 715 221 716 
639 717 718 274 719 720 721 392 722 
723 99 724 725 110 235 632 324 
510 699 700 726 
40 727 40 728 729 40 621 622 
227 730 731 732 733 734 735 736 
381 229 230 737 142 143 
738 739 52 740 220 221 
741 742 743 744 745 746 274 
83 84 85 111 747 748 749 750 751 111 
752 681 753 303 754 278 
755 31 756 276 380 320 757 259 379 322 323 
219 364 590 292 758 375 759 
760 190 191 192 193 
761 85 296 
762 763 764 765 766 
767 569 570 378 768 571 
354 663 769 770 771 772 773 774 775 
776 777 392 558 778 779 780 781 734 782 
163 164 783 784 785 786 
314 315 316 317 318 319 682 
787 220 681 788 789 790 359 
562 791 792 267 159 793 791 794 159 793 795 159 793 159 793 
796 797 798 701 799 
791 792 800 801 220 802 803 
804 805 806 106 104 807 481 182 808 
67 809 296 85 810 
811 812 813 
814 815 352 85 296 809 
109 214 798 701 789 816 817 99 800 
818 819 820 700 821 399 822 
823 562 175 176 124 177 824 
130 131 825 826 133 134 404 405 827 274 828 829 
416 830 687 831 832 479 833 479 254 830 
834 116 835 
274 836 837 740 838 839 840 220 
50 31 179 433 
232 841 842 843 841 221 194 194 844 845 846 
847 848 354 80 761 296 85 
849 810 850 851 296 852 85 
853 607 229 230 58 381 854 855 856 857 858 859 860 861 862 
863 864 166 823 142 865 190 632 
104 210 523 111 866 867 104 
868 869 466 870 656 229 230 868 179 871 872 210 873 
194 874 875 238 809 210 873 229 230 876 
877 878 643 879 880 881 421 882 883 
884 50 885 95 695 693 886 885 56 
47 49 50 887 888 31 51 52 53 47 
889 890 104 202 891 664 892 893 894 895 182 
412 896 897 898 13 
106 50 575 778 53 899 793 274 158 
900 901 902 220 903 259 379 904 905 906 22 907 908 
909 910 40 911 912 913 909 910 
130 131 133 134 404 405 787 133 914 546 404 405 
915 571 228 916 917 
918 919 58 122 258 920 120 921 922 120 341 923 924 
345 925 910 926 160 278 278 345 350 927 
632 447 101 928 153 929 102 
467 356 930 50 31 56 50 467 356 931 
232 85 83 84 932 933 232 
934 501 268 294 935 936 110 403 937 938 939 
498 85 940 941 296 85 
942 943 944 945 946 85 421 809 296 
232 119 40 947 948 949 232 950 
951 952 953 789 954 955 94 953 99 800 956 957 
515 958 334 959 960 961 753 962 515 274 
53 963 26 964 772 775 965 966 967 968 
312 314 316 317 318 319 393 969 
970 4 971 294 550 110 972 4 698 550 973 
974 975 976 977 918 978 979 71 980 981 982 983 984 
89 566 567 568 
554 170 985 986 987 988 985 986 842 554 989 990 991 
85 67 992 993 994 83 84 85 
995 5 996 4 816 
997 998 999 1000 1001 1002 1003 934 1004 1005 466 1006 278 106 
1007 40 1008 266 1007 1009 72 366 1010 1011 
746 384 385 89 386 387 89 388 387 389 
142 143 115 150 151 1012 238 1013 99 
281 254 1014 
1015 66 67 1016 1017 83 84 85 1018 
356 47 574 774 775 
120 480 1019 1020 1021 1022 1023 1024 1019 1020 1025 
1026 473 1027 1028 106 664 
533 466 1029 40 1030 
232 602 40 435 
133 134 404 405 1031 787 130 131 827 274 130 131 1032 133 134 1033 
83 84 85 
1034 1035 1036 1037 1007 1038 1039 1040 1041 803 
50 1042 95 695 1043 1044 577 1045 
229 230 58 875 238 1046 1047 232 1048 
1049 1050 1051 953 1052 953 1051 
1053 455 1054 1055 456 
207 274 124 177 785 1056 1057 824 1058 853 207 274 124 177 
651 1059 1060 210 211 94 1061 1062 1063 1064 
321 214 1065 1032 1066 210 523 
510 699 700 1067 
50 1068 52 53 1069 50 
229 230 139 466 277 276 237 238 
1070 1071 1072 63 1073 1074 99 700 1075 
40 111 1076 753 622 1077 
515 274 552 147 214 1078 1079 1080 967 
294 10 1081 9 208 9 208 
602 1082 1083 772 209 602 40 1084 1085 18 1086 44 1087 
229 230 1088 491 238 139 232 1048 1089 1090 1091 
1009 1092 1093 1094 624 1095 1096 1097 158 1098 
130 131 404 1099 130 131 1100 1101 130 131 404 
1102 1103 1104 1017 85 296 
1105 642 643 1106 273 
1107 113 190 419 1108 192 193 83 84 
1109 1110 1111 616 40 111 
381 1046 128 287 875 238 634 
1112 1113 354 1114 1115 40 
50 47 1116 1068 104 1117 1118 
1119 111 210 523 1120 210 771 1121 1119 1122 1123 1124 1125 
1126 704 303 48 
130 131 404 1127 1128 665 133 752 130 131 404 1127 1129 
354 139 1130 113 1131 1132 
122 1133 40 1134 975 1135 
1136 1137 113 83 84 193 1132 268 
1138 1139 573 1140 1056 1141 119 1142 256 1143 1144 
533 532 626 527 116 
229 230 558 1145 1146 381 947 274 1147 1148 
639 950 602 40 948 949 1149 469 
185 1150 800 1151 1152 185 1150 1153 1154 1155 
130 131 130 131 406 133 134 
1156 1157 815 85 1158 1159 1160 296 1161 
252 274 95 399 976 1162 1163 1164 304 1165 
83 84 85 1166 851 85 1167 
1168 1169 1170 1171 446 101 1172 
278 1173 275 236 277 229 230 1174 1175 278 381 1176 1177 229 
232 281 1178 479 1179 
220 1180 26 738 392 1181 1182 1183 1184 
1185 130 131 133 134 404 759 1186 1187 
364 1188 440 157 399 1189 1190 1098 274 1191 653 
610 1115 602 40 1192 1193 1194 1195 1115 610 1196 
1197 1137 1198 1199 1200 1201 60 1202 1203 1198 1197 962 
462 1204 1205 1206 1207 254 281 
1208 120 341 923 1209 1210 619 1211 1212 
1213 1214 573 1215 
139 643 179 1216 1217 
384 1218 518 1219 1137 1199 1200 1220 1221 1222 1223 1224 
40 947 947 610 40 610 40 1225 894 1226 
1227 1228 120 1229 1230 278 278 1231 1228 118 1232 
1233 523 1234 291 292 291 292 293 1235 1236 1237 158 1098 651 1238 
66 67 992 993 994 83 84 85 
574 54 1239 1240 1241 1242 1243 577 889 890 
1244 747 185 1150 793 1244 747 1245 469 1246 
1247 765 1248 772 209 602 40 1084 268 930 1249 
1250 219 1251 1252 571 1253 569 570 1254 1255 1252 
1256 1257 1258 1259 1260 323 1256 1261 103 1262 104 106 1263 182 
133 134 404 405 1264 209 130 131 1265 209 665 
130 131 133 134 404 405 787 133 914 
1266 364 558 1095 1267 1268 1269 1270 1266 363 364 677 1271 
229 230 1272 1273 381 35 194 
1274 1200 1275 778 
83 84 192 193 1276 113 190 465 67 
264 1277 1278 899 639 264 85 932 933 
466 1278 1191 363 364 156 440 157 1191 363 364 1279 1280 
133 134 404 130 131 133 134 404 405 404 404 681 133 134 1281 1282 1281 1283 
1284 286 287 1046 525 875 238 
1285 1286 1287 296 941 498 85 
1288 803 1289 267 892 43 1213 1041 1290 
1291 1292 120 341 923 1293 823 
1294 366 365 
1295 1296 505 1297 1298 801 1299 958 1300 1301 
67 295 1302 83 84 1160 1303 1304 296 
232 841 842 843 841 221 
836 989 800 901 792 1305 1306 836 1217 800 1307 
700 699 
137 130 131 404 130 131 137 404 1308 
1309 1310 1311 1312 223 1313 1314 1315 1316 254 254 1317 
416 40 247 603 603 40 1318 
657 1319 515 647 1320 1321 1322 1323 1324 1325 1326 
229 230 1327 1328 235 236 237 238 
1329 589 1330 
1331 1332 1333 1334 392 1335 414 1336 1130 1337 1331 1332 1338 
510 699 700 
190 191 192 193 
89 566 567 568 
141 296 1160 1303 85 223 632 1339 
403 1340 222 973 
1289 803 1341 1039 515 1041 803 
366 1342 286 40 1343 
1162 160 1344 791 792 267 
663 693 519 31 356 693 1345 1346 56 696 31 1347 1348 
1349 791 792 1350 1351 
1298 53 1352 1353 1354 505 47 1355 1298 1320 801 889 890 
203 1068 104 891 
13 497 1356 528 1357 
1358 1359 220 1360 901 1361 1362 903 
1363 525 366 1364 1143 1274 602 40 341 923 1365 1366 398 
619 104 1367 202 891 182 804 106 1368 97 
106 1369 1370 693 1371 1347 1348 1043 337 333 179 1372 1373 
1374 586 1375 1376 1377 40 1378 1379 1380 1381 
510 559 312 314 315 1382 1383 
889 890 111 1384 50 1385 372 1373 47 262 183 
1386 1387 52 53 47 581 50 158 1098 182 1388 
209 40 603 1343 1389 
229 230 139 118 1390 238 1391 1392 1393 210 873 
815 142 352 85 809 83 84 80 501 
1394 104 202 541 958 104 807 891 
776 777 392 1395 1051 304 1396 1397 1398 
1399 138 1400 1401 699 700 1103 1402 102 1403 1404 
1405 50 95 695 1406 106 182 50 184 
560 1407 569 570 571 1408 1409 569 570 1410 
345 753 303 754 273 274 1411 1412 350 1413 
632 101 1414 100 1414 448 793 
1415 1416 120 341 923 1230 1417 1418 1419 
235 236 237 238 287 749 491 229 230 1420 363 1421 1422 
89 1423 989 1424 778 567 
1425 40 1426 602 1427 1428 1429 1053 
1430 281 1431 1432 254 281 
910 40 1433 1434 1435 1436 1437 1438 1439 910 40 1440 
1441 118 1442 1443 1441 1444 1445 622 1446 841 1121 
1447 1448 1449 1450 331 335 31 336 331 1451 1452 
364 440 1453 399 1189 1454 268 390 1455 1456 683 1457 1458 
380 320 259 379 322 323 1459 1460 1461 
229 230 466 235 236 237 238 749 1462 9 166 
627 274 530 532 1463 285 48 560 531 364 532 1464 1465 1466 
1467 1468 334 1138 1139 1469 953 944 1470 1467 1468 1471 1472 
1473 1474 571 569 570 
296 295 85 847 
1475 83 84 85 
1476 554 1477 252 95 842 554 986 987 986 
120 1478 1479 1415 1321 1399 
1480 229 230 139 491 238 229 230 139 232 236 1481 524 1482 
1483 201 103 104 1484 1485 
759 737 880 168 169 80 83 84 
1486 1487 1488 1489 798 701 1490 1491 166 122 1486 1487 
1492 1493 1494 1495 398 1496 1497 1498 1499 1500 8 
693 31 376 1501 976 1372 372 1373 1502 337 1503 278 
1504 602 40 1082 1504 40 
365 366 1505 1506 1507 1508 1509 
220 1180 26 738 392 
1510 699 700 
356 574 47 575 576 577 95 47 582 583 1511 
878 643 139 1216 1217 899 1512 879 115 1513 800 1514 1515 642 
1516 232 85 9 6 1517 1518 841 498 1519 415 296 
1225 1138 1139 1520 849 1521 1138 1139 
1522 602 40 1523 975 610 
632 448 1524 101 1525 171 1526 99 36 
229 230 558 1145 1146 381 947 194 
1527 124 177 99 173 268 824 
793 525 875 238 1046 1528 1053 1529 232 1048 1530 
480 1058 1071 1531 1532 1533 1534 1535 1536 
1537 4 925 282 283 284 95 8 1538 972 4 284 
1539 718 1540 1541 1542 1543 1544 1545 1546 1329 145 
278 466 274 50 31 179 372 1373 1502 1503 
381 1547 483 276 1548 718 1549 1550 1551 1552 1553 1554 823 
128 67 83 84 192 193 1276 113 190 465 1555 
1061 337 210 523 958 1556 
1138 1139 1557 210 387 546 1139 
286 603 602 40 
267 232 791 792 1009 160 1039 
1558 356 47 574 575 576 577 1559 625 
1560 1561 26 1562 1563 1564 1565 1566 1567 1568 1569 1570 1571 
1572 210 523 1573 
232 841 842 843 841 221 194 
210 873 229 230 996 381 194 194 875 238 1059 1574 266 1575 
1576 356 693 262 31 1577 
1216 1217 69 878 643 1515 642 1162 823 751 111 1578 1579 
50 20 397 1580 1581 885 1582 1583 1584 
1585 1576 1586 1213 1587 1588 1213 1589 1588 1590 349 393 
1492 1591 1592 1499 1593 1495 1594 1595 1596 1198 285 1597 
130 131 133 134 1598 1599 1600 1601 7 1602 1603 
412 602 40 953 1604 1605 1343 1606 602 366 1607 
1608 1609 1220 1610 1199 1200 
1611 179 1612 321 1593 469 
1613 1614 1615 1616 1617 160 989 1618 1613 1619 
312 1620 1621 316 317 318 319 513 
83 84 281 1622 1623 1623 1053 1624 281 1625 1529 1626 
1627 681 795 1628 1629 1630 1631 254 1632 99 1562 
1633 1634 447 101 1154 222 1635 
1495 5 1636 163 164 1637 1638 800 1639 205 1640 
210 873 229 230 996 381 194 194 875 238 1059 1574 266 
1641 130 131 132 119 1642 752 133 134 899 1643 130 131 1137 
141 1490 1491 510 699 700 
1644 1645 67 224 225 626 228 227 
130 131 210 1646 625 130 131 853 133 134 841 130 131 232 1647 1648 
468 232 83 84 85 67 
536 1649 536 896 220 316 1650 525 740 1651 1652 
363 364 1653 1654 1655 1299 
130 131 563 1656 130 131 563 130 131 1657 
254 1658 1659 813 1660 
106 1661 1662 1663 1664 1000 
1665 1666 369 1667 1668 1669 85 1670 223 1671 1672 296 
632 1167 85 849 296 
889 890 356 866 1673 1305 1674 1675 1676 866 1000 1000 106 182 
1677 1678 783 72 1679 1680 1681 979 71 1682 
885 50 95 695 56 278 693 
156 440 157 399 736 
532 558 285 559 560 1683 
40 621 622 976 744 564 366 1684 847 819 1685 536 
163 589 1686 118 1687 1688 5 
1689 267 836 1690 1409 1691 
1692 83 84 85 208 67 1692 
40 111 182 1191 616 1115 40 173 1693 1694 
1695 1696 321 1697 40 1698 1699 
1700 1701 647 304 
345 925 910 926 160 278 
1702 1703 1704 
1705 148 552 1706 214 
40 1707 1708 1709 40 948 1708 1710 1707 1711 1712 
83 84 492 295 85 847 956 1692 1713 85 1714 
1715 1651 1716 1717 534 1718 
1719 1720 1003 866 1000 891 1721 1722 1723 1724 1725 1726 
243 244 1727 1728 1729 835 1722 793 
1730 40 1731 1732 1731 481 
159 793 130 131 159 793 133 134 1127 1128 1733 
1734 1735 399 257 485 1736 1737 
1221 1222 1223 1199 1200 103 1218 60 160 110 111 
789 699 789 816 510 699 701 699 816 1738 1739 1740 
1741 1742 1743 1744 85 154 268 296 
1745 497 817 1746 432 1747 1748 1071 412 1058 817 1749 1750 497 
312 1751 314 315 316 317 318 319 
1752 480 1054 1055 1753 364 
1191 160 1754 364 1755 156 440 1756 1189 399 1757 1758 
1759 130 131 404 1760 1761 273 328 130 131 404 1760 
1762 1763 68 392 1764 619 333 1765 1766 1767 1459 1768 1769 1770 
953 800 1497 954 1771 1772 1773 789 497 337 1771 
155 274 1 2 1538 4 0 99 3 49 128 1774 1775 1776 
1777 1778 111 254 1779 1780 153 1781 1782 632 622 40 1783 
1784 741 
809 296 168 169 1785 1786 824 635 
223 1787 296 85 1402 359 1788 169 1785 986 
1138 1139 573 1789 
953 602 40 1790 610 1791 1792 1793 467 953 602 
1794 525 1795 746 72 989 803 211 12 1311 901 99 
1796 668 85 1797 296 85 
10 9 170 171 9 119 172 173 
1798 605 104 1268 1799 106 1190 1800 
324 1801 173 
210 523 1137 113 190 192 193 83 84 707 95 210 523 
1802 1627 1204 1204 1342 1803 254 1804 1805 1806 281 1807 
1138 1139 573 1789 208 1808 935 1809 1810 
85 168 169 1811 393 824 1120 1812 296 
259 260 155 1813 485 1814 1081 322 
1815 1816 702 1817 1818 1819 1820 1821 296 85 1822 
642 1823 643 1311 1824 1825 1826 1827 1636 359 764 
151 858 230 139 491 238 1174 1175 182 593 856 229 230 439 
664 1217 346 50 54 56 50 194 1828 664 1829 346 1735 
1830 1029 365 366 
789 1831 1822 399 1832 257 550 1833 
13 232 1834 1835 185 268 1393 1836 1837 
1838 720 622 40 1731 273 328 
698 1839 1840 1841 1842 1843 1281 1844 1845 10 1323 
130 131 133 134 404 405 787 133 914 546 404 405 
1846 1847 803 1039 1848 1148 1041 803 
232 1849 947 40 1850 1851 1852 
130 131 1636 665 133 665 133 137 130 131 1853 
104 807 1607 804 847 106 67 
663 274 229 230 58 381 854 
901 1854 1855 1856 267 803 1857 111 1855 1858 
632 403 1859 1860 1861 
1862 1863 243 244 1274 
106 47 1864 666 1865 1866 
50 31 1577 1406 995 
1221 1222 1867 1199 1200 962 1868 1869 931 
312 314 315 316 317 318 319 1517 312 314 267 
452 453 1053 1870 1871 1055 456 1872 1873 1542 1874 
533 532 1875 317 671 560 1876 1716 1186 1765 1470 532 534 916 
168 169 83 84 85 953 1877 824 1878 67 
602 40 1879 1343 
573 791 792 399 220 1880 1881 
992 994 83 84 85 
209 104 1882 202 866 847 1883 958 104 106 1884 
1885 122 1886 120 341 923 
1887 1888 267 803 1889 562 267 1890 
976 1891 1892 99 1893 1894 1406 52 740 95 
1138 1139 573 1789 1895 1765 1138 1139 208 
809 1572 254 1896 
1546 1329 589 333 1765 97 
532 626 671 48 560 
227 731 732 1878 507 1897 227 
979 71 1898 1899 1900 1901 1902 284 1903 8 1904 68 
67 1219 798 1905 1906 274 1905 1679 
133 134 404 405 1031 787 130 131 827 274 130 131 1032 133 134 1033 
40 1907 111 933 1081 322 910 40 1908 1909 257 99 1910 
1911 655 523 1908 889 890 104 1027 891 417 894 623 106 182 1559 
232 841 817 1912 746 628 841 221 573 1913 322 1612 
1209 1210 1914 1915 1475 1916 
1917 793 403 
866 1661 1918 104 106 576 1919 1920 856 106 1162 823 182 
128 287 634 1353 381 435 
1921 1922 1923 1924 120 341 923 67 
753 1925 1926 1927 40 1928 
1268 1929 409 331 1930 1931 
940 809 296 85 650 510 632 
930 50 31 95 695 
79 85 1317 761 814 296 1878 
1362 1244 747 185 1150 1155 
1103 498 85 1317 296 
1932 1073 1785 1933 1934 1935 
341 10 1936 1937 1641 1938 341 1939 1940 1941 
1942 227 1943 1944 128 731 732 733 
856 1945 120 
1946 1256 106 160 1946 1256 1947 104 1948 
274 95 312 314 315 316 317 318 319 
1162 1949 569 570 409 1250 571 1950 1951 
4 1952 1953 173 
210 523 1120 47 774 775 664 468 
1837 815 296 1160 1303 85 1954 232 899 815 
232 841 1955 842 841 843 989 1265 1956 823 1910 1957 274 
1958 81 82 76 1959 83 84 85 
122 1886 120 341 923 
47 1960 50 
1961 1962 1068 1963 1964 219 1965 1966 52 1967 1968 
693 31 1347 1348 1043 99 1372 372 1969 1970 1503 149 42 
1971 1972 254 1971 1972 254 1514 173 809 1973 463 1974 
1975 57 1976 59 871 1977 278 871 1977 278 1978 
1061 337 210 523 958 1556 
505 1979 1320 1298 801 
232 841 842 843 841 221 844 845 846 1980 
356 47 50 
130 131 406 404 1981 1982 1983 133 1984 328 329 1985 
113 190 195 192 193 32 1986 1987 
1988 113 190 707 192 193 1190 62 1989 1722 1990 1991 
229 230 1992 381 1046 1993 275 1994 1468 1570 698 9 
47 1676 1674 1724 1674 1995 1996 891 1000 106 1997 1368 804 1998 
632 1999 1149 403 
1692 85 232 296 
632 2000 101 2001 2002 
296 80 2003 498 271 2004 2005 
2006 369 2007 717 800 1718 2008 1628 793 
2009 809 1204 254 2010 2011 1411 681 1411 2012 
1562 2013 2014 632 1692 85 296 
525 875 238 1046 1528 341 
643 2015 226 2016 878 643 814 2017 1216 1217 69 2018 1515 642 
571 571 560 2019 758 569 570 2020 2021 2022 
232 841 842 843 841 221 844 845 846 
295 856 655 85 1088 83 84 212 1254 
95 2023 2024 106 958 104 1027 
381 1393 690 491 238 274 
530 532 558 285 559 560 2025 2026 2027 
663 274 116 4 285 173 2028 1952 2029 972 4 
190 191 192 193 194 194 113 190 195 1611 2030 
1209 1210 120 2031 
264 722 85 2032 2033 
663 681 281 1630 414 254 2034 
940 232 2035 381 650 2036 1998 
1138 1139 573 1789 
156 440 399 157 274 
811 812 813 
2037 2038 
1672 169 83 84 85 354 2039 2040 
1703 1838 480 95 639 1703 1704 
103 104 1484 1485 159 793 2041 212 159 793 
1542 2042 1805 524 2043 1071 524 2043 1071 1590 1783 
2044 387 1700 2045 57 2046 387 
66 67 1016 1017 83 84 85 1018 
120 2047 2048 1359 120 
552 322 432 553 214 2049 2050 2051 321 2052 2053 
120 1447 1021 1022 2054 635 
841 130 131 133 134 2055 481 841 130 131 133 134 2055 
384 746 385 89 386 387 89 388 387 389 2056 
106 104 807 2057 892 891 1607 804 583 2058 1080 2059 
356 47 574 575 576 577 
776 777 392 1395 1051 304 1396 1397 1398 
2060 2061 40 
410 411 412 2062 1359 416 415 417 2063 1197 520 410 417 
2064 184 2065 835 2066 2067 109 2068 109 
9 170 10 1841 1842 10 2069 2070 2071 2072 2073 
1904 68 71 2074 2075 1901 1902 99 1391 1230 677 2076 71 
1402 2016 209 2077 312 314 315 2078 93 
1448 331 2079 2080 1321 2081 31 336 331 200 2082 335 
2083 285 1498 764 765 2084 
2085 1762 2086 1513 2087 83 84 
1611 989 321 1593 2088 2089 182 593 1092 2090 2091 2092 2093 
1995 885 266 2094 2095 1071 1747 865 2096 817 1531 1532 
9 170 10 9 2097 
500 1199 1200 962 384 
819 820 700 2098 1734 
2099 2100 2101 1588 2102 
952 2103 1893 2104 726 699 700 
642 643 172 269 2105 
113 190 2106 2107 192 193 83 84 
910 2108 345 2109 
2110 2111 2112 2113 1532 1462 120 122 2069 2114 
516 517 2115 2116 2117 520 
47 50 
274 515 958 334 959 960 961 753 962 1538 
2118 2119 2120 120 
2121 798 701 
2122 1168 2123 816 447 101 
1846 803 1289 2124 2125 1041 803 
268 1429 791 792 109 270 95 524 2126 
10 170 9 
576 576 2127 2128 1965 40 2129 656 536 
815 296 85 2130 749 2131 2132 
787 133 134 130 131 2133 130 131 2134 2135 
602 159 793 40 159 793 341 2136 2137 1780 2138 616 2139 
130 131 285 205 133 134 1733 
40 2140 2141 2142 192 2143 2144 717 2140 2141 2142 192 2143 
120 341 923 2145 1631 639 2146 120 341 923 2145 
2147 1017 2148 83 84 80 632 296 85 639 2149 
130 131 133 134 404 405 787 133 914 546 404 405 
72 366 1372 2150 2151 2152 1009 72 366 1010 1360 2153 2154 
2155 1023 2156 1416 2157 1417 1562 120 
899 2158 700 1572 99 699 700 
133 134 404 405 130 131 2159 795 132 2160 2159 2161 130 131 
1613 1614 2162 
2163 2164 2165 1570 2166 177 387 2167 780 2168 
2169 1963 2170 2171 2169 1824 2172 2173 1264 2174 2175 2176 2177 
89 566 567 568 
528 529 532 527 1838 2178 2179 373 2180 559 
67 113 190 2181 192 193 2182 83 84 420 562 2183 
1409 232 841 1953 2184 841 221 
2185 798 2186 701 
505 505 2187 1320 1298 801 1495 2188 2189 
2190 798 700 2191 
61 62 63 64 2192 2193 
2194 1278 54 1996 1000 182 106 
130 131 763 665 133 130 131 665 83 208 119 625 2195 
569 570 571 569 1250 2196 
89 566 567 568 
696 2197 696 8 1601 
698 1490 1491 635 223 2198 
498 85 941 
823 1676 89 2199 2200 2201 387 389 
2202 1824 2203 624 910 40 619 910 40 2204 2205 2206 2207 
1008 2208 925 1490 1491 2209 1402 1510 699 700 
381 1046 287 229 230 58 1046 
40 2210 2211 2212 717 2213 44 154 847 177 285 559 2028 
2214 2215 366 471 365 2216 484 2217 950 2218 
128 1424 840 89 117 94 2219 568 97 
639 67 264 992 932 933 83 84 85 80 
1465 558 317 2220 560 2221 2222 2223 317 699 
1191 363 364 156 399 2224 1453 1189 2225 1191 2226 1191 
2163 2227 118 171 294 101 496 632 95 
2228 2229 866 192 1000 2230 889 890 1162 1791 106 182 
510 699 700 
2231 2232 324 159 2233 2234 2235 1801 2236 2237 294 294 294 159 
2238 625 979 71 2074 2075 1669 2239 2076 2074 2075 1274 
130 131 2240 1100 130 131 2240 1100 1956 133 134 823 130 133 134 2241 
602 40 652 95 2242 40 2243 
107 108 109 42 110 111 
2244 602 40 2245 
40 2246 306 
562 185 1150 185 1150 
208 209 210 211 212 213 214 
2169 1963 2247 2248 372 2249 72 2250 1962 
190 191 192 193 194 
229 230 58 381 287 341 2251 855 2252 9 924 
130 131 404 1127 1128 665 133 752 130 131 404 1127 1129 
2253 316 1673 40 2254 2255 2256 1793 99 2257 720 
232 85 296 498 2258 1334 232 2259 
2260 551 274 1278 149 2261 778 1669 1490 616 2262 
2263 199 2264 337 2265 399 
345 910 1056 2266 160 274 303 
104 2267 2268 2269 2270 2271 
900 2272 254 2273 281 
40 769 2274 2275 466 2276 602 2277 2278 557 2279 2280 2281 
1058 2282 2283 119 1058 1934 2284 2285 2283 1071 1217 1203 
2286 173 274 2287 312 314 316 318 
113 190 2106 2107 192 193 83 84 
510 643 2288 881 2289 2290 222 642 1986 1825 
505 2187 1320 1298 801 1495 2188 2291 2292 278 1320 1298 801 1027 
650 113 190 2293 192 193 83 84 1276 191 2294 2295 2296 
752 681 753 303 754 
2297 569 570 1250 571 
2298 1867 527 533 530 532 558 527 
1781 40 153 2299 1938 2300 2301 622 2299 1938 2302 
2303 281 350 2304 2305 254 1632 2306 2307 2308 
142 143 2309 330 151 1840 880 2310 2311 734 1057 2312 2313 
371 372 373 374 375 363 364 376 377 378 
363 364 558 1053 758 2019 375 
232 841 2314 2315 61 232 841 1528 1894 99 989 2315 61 
2006 2316 173 325 915 324 2317 1225 2318 449 354 2319 
632 40 602 40 2320 153 2321 949 469 
639 2322 254 281 
1882 1028 663 104 417 111 359 784 106 2323 
2324 366 2325 2326 1470 2327 40 2328 80 
1692 414 79 296 85 466 467 83 84 85 268 
2329 2330 896 2331 800 740 2332 115 2333 67 
885 50 95 695 
133 134 404 405 130 406 407 408 409 130 
332 2334 381 953 332 2334 2335 333 875 238 1046 274 
2336 551 639 1490 1491 
2337 2337 224 225 226 227 228 
2338 2339 57 2340 2341 769 2342 600 2338 2339 62 2151 
2343 40 1235 173 2344 8 159 159 
366 1058 2345 2346 2347 366 1058 2348 2349 2350 
940 232 296 85 268 223 
81 76 1959 85 
440 399 157 
133 134 404 405 1264 209 130 131 1265 209 665 
50 31 1347 2351 1043 337 333 2352 2353 179 433 
639 1160 1303 296 80 2354 815 875 85 2355 1771 2356 2357 
113 190 707 192 193 194 122 274 
274 601 1199 1137 961 515 958 334 959 960 961 
2358 692 160 2359 194 194 2358 692 2360 160 1716 2361 2362 
296 85 498 668 2363 85 2364 
2365 2366 600 2367 2338 2339 57 
278 158 2368 262 714 2369 2370 2371 
212 2372 113 190 419 192 193 83 84 212 2373 2374 
50 31 372 1373 106 574 537 
210 523 648 149 210 523 
764 765 1056 1516 764 765 2375 300 
722 412 567 89 2219 2376 1424 
2377 83 84 85 809 
2378 2379 1728 1727 
254 2380 2381 
1399 632 569 570 560 2019 758 569 570 409 571 2382 2383 
1823 878 643 1311 1216 1217 881 69 2384 879 1889 72 
741 759 2385 2386 359 764 
113 190 2387 2388 193 83 84 
447 101 2389 769 2390 2391 2392 632 2393 
160 952 1009 58 2394 303 1771 337 
190 191 192 193 194 194 113 190 195 196 
639 67 83 84 2395 85 2396 271 
89 1805 2397 2398 2399 171 2400 387 2401 89 
421 2402 2403 312 314 315 316 317 318 319 
399 1832 257 550 2404 1734 1984 2356 
122 1886 120 341 923 
1919 83 84 85 
229 230 558 487 237 238 229 230 488 489 232 341 
295 2405 2406 810 296 85 2407 
227 732 1878 507 1897 227 
2408 1007 266 2409 333 
254 2410 2411 2412 
636 637 2413 194 855 2414 2415 229 230 58 875 238 
2416 2417 577 124 177 824 2418 2419 2420 
254 1014 2421 2422 281 2423 281 
9 170 10 340 2424 
2425 647 2426 109 2427 2428 647 2426 35 952 
40 274 2429 40 136 2430 2431 2432 2433 1476 
877 858 151 2434 2435 491 238 232 1048 2436 238 232 233 229 230 
1209 1210 120 2031 
2437 194 229 230 466 341 487 238 1174 1175 194 229 230 488 
2438 229 230 2439 868 1420 363 276 237 238 2440 
303 560 2441 2442 
650 113 190 2293 192 193 83 84 
2156 2443 738 842 52 740 221 
1209 1210 120 2031 2444 
50 47 262 31 1043 
726 699 701 
1021 1022 2445 2446 1099 120 2447 2448 
1402 2258 1510 699 700 2449 798 64 2158 701 
650 651 652 653 210 523 2157 207 568 206 2450 1980 
1461 104 1027 1028 106 
133 134 130 131 2451 823 130 131 404 130 404 130 2452 133 134 130 2453 
1034 2454 2065 238 2455 534 1289 2456 2457 1041 803 
113 190 2458 1108 192 193 
1138 1139 210 523 2459 1244 111 2460 2461 
2462 2463 2464 2465 2466 2467 291 984 
634 1528 525 875 238 
2468 317 318 319 312 314 2469 
2470 381 2471 229 230 1493 510 2472 875 2473 2474 2475 
1430 254 2476 1315 1315 2477 2478 551 274 2479 2480 62 463 2481 
2482 2483 1562 980 2484 2485 2169 1963 2486 1264 
2358 692 2487 609 2144 
113 190 2488 192 193 83 84 420 2489 2490 2491 2492 
2368 2369 1562 220 2493 2494 2015 2495 2496 220 2497 
138 2498 2499 2500 679 
2501 133 134 404 1760 1343 232 130 131 404 800 2502 
130 131 232 2503 2504 2505 2506 717 130 1140 2507 130 131 
2508 467 356 96 2509 519 50 
998 1720 1003 866 1000 1353 182 106 1156 
2510 2511 1716 68 2512 2513 71 31 2514 
962 1867 1199 1200 962 1868 1289 2515 2516 1199 1783 
118 2517 857 858 150 151 139 491 238 
2427 2518 2519 40 1300 
1213 1589 1588 1590 349 393 2520 2521 1203 2522 2523 2524 2141 2525 
168 169 83 84 85 953 1877 824 1878 67 
130 131 2526 681 130 131 205 2527 2528 2529 2530 130 131 
954 2531 953 1264 637 2532 2533 2534 
2163 2535 569 570 378 571 2196 571 2536 173 2537 
2538 2539 2540 104 1028 1027 106 1559 182 
2541 602 40 1731 602 40 1375 2542 602 40 1402 615 171 
412 889 890 2543 203 106 387 664 1027 889 890 2544 2545 2546 2547 104 891 
1244 747 185 2102 221 1151 1152 2548 185 95 1583 
688 689 690 691 692 300 278 688 2549 
2259 271 274 229 230 466 341 487 238 194 
168 103 824 296 85 168 824 
2550 2129 139 418 2060 602 40 341 2136 2416 2551 602 40 341 2136 2552 
142 1824 116 803 2513 1406 2553 901 1856 
130 131 130 404 469 130 131 2240 2055 2554 130 131 
763 1138 1139 
2555 130 131 404 763 2366 130 131 133 134 2556 2557 
1475 498 85 2558 296 
354 953 1996 566 89 2559 496 329 
130 131 2560 285 665 133 130 130 131 2504 
610 2561 2246 481 2562 2563 2564 609 819 40 2245 2565 2048 
1490 1491 
281 254 1014 
356 866 1305 1674 351 106 1000 1676 2566 1559 
617 1081 40 2217 2300 2567 2568 2569 2420 2570 2571 
2572 274 2369 405 581 2573 2574 268 686 2575 405 581 2576 268 2577 
2578 2579 2580 85 2581 2579 2582 296 468 
718 274 2583 1028 2584 2585 2586 2587 106 67 2588 2448 1661 
356 47 574 48 384 274 
2589 1865 61 1933 172 
2590 668 669 85 139 1102 296 
2591 163 164 734 5 163 164 2592 2593 2594 
798 701 173 1378 
2595 803 2596 1039 1141 220 515 1041 803 
2597 274 532 626 2598 285 559 560 530 532 376 2599 
83 84 420 113 190 191 192 193 1904 
130 131 2600 133 134 285 205 717 99 2601 2602 
274 2603 981 291 292 316 337 637 2604 291 292 2605 
83 84 281 2606 254 2607 
155 889 890 104 1027 891 106 2608 645 808 
1017 2609 2610 2611 85 296 80 639 2612 
113 190 2613 192 193 
2614 1492 1591 1495 2615 1499 1593 
2616 2617 264 296 85 
89 2618 2619 566 567 91 2620 679 
381 1046 2621 790 390 1549 1550 483 2622 
1138 1139 573 1789 208 1808 935 1809 1810 
530 532 533 626 321 285 559 405 1264 533 
57 2623 1320 285 921 714 268 2624 111 8 2625 57 
2626 2627 2487 120 2132 976 2628 1572 2626 2627 
823 562 2629 
295 85 847 296 2630 
2631 1416 258 120 341 923 2632 2633 1254 2634 341 2635 8 
2636 1491 2637 2638 510 699 700 
229 230 1131 1046 238 1391 809 210 873 2639 2640 2641 
99 89 566 1402 94 2642 89 2643 2644 384 
2645 2646 2647 2245 2648 273 274 
2649 267 803 901 
294 1216 1217 1824 881 69 1162 208 99 1724 1515 642 
296 85 2650 2651 
163 164 783 784 785 786 
2652 104 1027 891 
83 84 420 113 190 191 192 193 
104 201 202 106 118 275 
527 2653 2654 266 361 530 532 1203 2653 
40 558 530 2655 2656 2632 2657 525 2658 795 2659 366 
232 83 84 85 85 83 84 2660 2661 
2662 1081 2663 40 
50 47 1406 95 695 67 274 106 182 804 183 2664 574 2665 
287 104 200 201 202 203 106 
866 1080 49 1918 104 1326 
212 89 2666 106 274 182 213 2667 182 
2668 113 190 561 192 193 83 84 420 158 1098 
1266 364 558 1095 1267 1268 1269 1270 1266 363 364 677 2669 
2069 856 120 275 2670 266 2671 2164 
569 570 378 2672 256 1250 2673 2016 256 1102 2674 569 570 1716 1765 2259 
2675 364 558 156 440 1756 1189 399 2676 259 379 
2677 2678 803 221 2679 209 1961 267 2101 709 182 2680 
384 52 53 47 50 51 52 53 54 55 274 
1629 2681 2682 254 1632 281 
809 296 85 815 
1515 642 1216 1217 69 99 925 643 2683 2684 
875 238 634 
1264 2685 1955 1963 2686 52 1967 1968 2687 2688 1603 
210 873 229 230 996 381 
2689 2690 170 133 170 130 131 841 2691 1772 133 2689 2692 
878 1216 1217 1450 
2693 2694 2695 2696 979 71 781 359 2697 
130 131 2674 2698 170 665 1925 1642 2699 2700 469 130 131 205 2701 
1781 40 943 366 281 40 953 2702 40 274 2703 
1017 2704 85 2705 232 462 556 354 1278 2706 2005 296 
510 699 700 
258 2707 2708 2709 2009 2710 
356 47 574 48 
115 1461 104 485 2711 1068 2712 106 664 2267 182 
2713 2714 741 
47 56 50 184 
654 2715 656 657 
1768 1769 68 392 1764 1040 480 62 1989 586 2514 68 
795 602 40 2716 622 2717 
452 453 1053 1870 1871 1055 456 1872 1873 1542 
2718 1588 823 2719 2720 1601 2721 414 
2722 2723 2023 1399 878 643 1216 1217 
1492 2724 2725 2726 2727 1492 1493 1495 398 2725 2726 2728 1966 2729 
294 264 296 85 66 80 297 298 
2730 901 2731 953 837 740 467 531 220 2732 2733 
2734 1310 412 521 281 681 1310 281 
192 1396 2735 392 1809 776 777 2736 194 586 1857 135 2737 
2738 2739 2740 219 220 2741 1081 267 791 2244 2742 184 1625 
1586 1213 266 8 1588 
610 40 953 1606 2743 2744 610 40 953 800 652 1382 
552 2745 1661 2500 1078 1706 2746 2747 
2748 2749 1486 1487 1488 1489 798 701 1490 1491 1462 
185 186 221 2750 560 185 186 2751 717 1606 
2259 113 190 2752 1516 2753 2754 192 193 83 84 102 
104 106 2755 2756 894 895 2757 322 
450 2758 635 632 324 
345 350 927 2759 303 2760 2761 2762 926 2763 
722 364 1280 1188 156 440 2764 2765 
853 274 224 225 847 227 2766 2767 2768 1572 916 1461 1040 
287 875 238 1046 399 1679 268 
1486 1487 2769 2770 731 2771 2332 67 
113 190 707 192 193 2772 2773 2774 698 2775 
2776 480 866 771 1908 104 807 106 182 
2060 2061 40 
665 133 2777 2600 1706 130 133 134 130 131 133 134 
150 151 857 858 229 230 749 491 2778 2779 2780 2434 
789 954 1689 1629 1204 953 717 99 800 789 620 497 2781 2782 
2783 274 1492 1591 1495 1497 1499 1500 1498 1596 2784 2783 274 
2261 778 412 2785 2262 1001 2786 2787 2101 2788 2789 2790 2791 
1718 369 2792 2793 727 
2794 232 841 2353 841 221 843 274 2794 
1572 210 523 1573 1069 212 
229 230 1088 381 1046 
128 287 381 634 
809 296 85 498 2795 1160 1303 295 85 1172 271 
2796 89 683 566 567 12 1141 1691 1936 1070 2797 
866 1080 49 1918 104 866 1661 2798 104 984 
2368 2799 2800 2369 2801 26 1528 480 
142 143 2802 150 151 173 1813 
294 113 2803 2293 192 193 83 84 896 2804 1040 480 137 
2805 1007 791 792 2806 2807 901 2808 901 2809 792 1362 2810 
817 505 506 7 2811 2812 2812 505 31 2813 2811 
381 1046 1082 334 800 229 230 1686 677 2814 1082 
264 85 992 232 1516 79 2815 296 
2816 679 2817 366 947 281 652 1382 2816 2818 2819 268 2820 366 947 
274 67 259 260 262 263 481 2821 2822 2823 
1513 683 227 730 2824 731 732 551 274 
480 31 2825 50 2826 433 840 2827 2828 337 184 
992 83 84 85 2673 264 85 932 933 
106 96 207 1895 2829 2830 2831 104 964 
108 1131 42 2832 714 2833 2834 110 2741 107 108 2361 
130 131 1100 1081 2835 133 134 2836 1100 135 130 131 2837 
1102 639 271 85 498 668 669 
1138 1139 573 1789 
50 95 695 2621 467 356 
2838 274 2062 416 415 417 789 816 2839 
229 230 466 1229 656 
537 106 50 
2840 2841 160 963 534 936 1454 2842 1590 
1040 192 193 564 2333 2753 
1017 2704 83 84 85 2843 1812 2844 
259 260 261 999 915 485 2845 
2846 110 2511 958 104 202 1661 664 891 
1963 172 1081 2847 2176 
961 1218 1199 1137 515 958 334 111 855 2848 
1546 1329 2849 1540 896 2850 2851 1081 2852 
89 566 567 568 89 566 567 2853 2854 
1294 366 365 
296 668 85 232 
229 230 58 381 1393 1046 634 525 875 238 
1962 2855 1963 2011 2176 1068 1963 1961 1962 28 397 2856 2857 
853 1553 83 84 2858 2086 772 2859 2860 8 83 84 2741 
163 164 165 
1957 2861 381 2471 483 
209 40 2765 2862 2863 2864 1620 1925 2865 2866 142 2867 
2868 2869 265 0 72 
104 201 202 106 2870 1261 2871 
533 303 560 2872 377 2873 2441 213 194 2874 
31 50 1347 1348 1043 99 1372 372 2875 1373 1502 337 1503 182 50 184 
2876 229 230 1547 381 1516 2877 72 
2878 1957 274 345 2108 910 
1486 1487 1490 1491 171 265 738 1101 699 700 2879 2880 
516 2881 1217 2882 120 341 923 47 2883 
532 317 2884 560 2885 
241 366 471 2886 1674 800 
1130 139 83 84 113 190 192 193 682 274 938 2887 
2888 356 693 575 2889 778 356 693 885 1346 56 2890 
89 566 567 2891 2050 89 566 1362 
510 699 700 2892 2893 64 701 2894 
878 643 1450 1216 1217 
2326 40 2895 119 789 
515 274 2896 2897 1871 1055 456 
2898 267 901 2899 270 270 53 2900 
2286 2901 85 232 296 
2896 2897 1871 1055 456 
141 2037 2902 102 
2903 110 80 296 1692 842 85 212 2904 
1549 1957 734 483 381 2471 565 2622 2905 
1191 363 364 156 440 157 1191 363 364 1279 1280 2906 156 
1510 699 700 
2907 2908 153 1878 910 40 2907 2908 933 1081 322 2907 2908 2909 2910 2911 
2912 2913 2141 40 1343 2914 232 2915 1030 2916 2917 
1216 1217 1824 69 1515 642 878 643 
2918 798 701 
1298 2919 1354 505 1355 2189 899 934 
2725 1493 2726 2727 2728 2920 2401 274 
552 1080 285 2921 2922 553 1706 2923 2516 1040 480 268 
668 669 80 668 2924 1485 296 85 
2925 254 2926 2927 2928 281 
510 1492 1493 2929 287 569 570 571 
2930 161 449 448 101 
2931 99 381 1989 1046 875 238 99 875 238 381 
2932 232 233 341 229 230 99 139 232 1048 381 
480 2933 190 2293 856 2934 434 2935 394 2936 
2937 163 164 2593 5 2938 1654 2939 1562 2940 
287 104 201 106 
868 1934 381 2257 870 139 229 230 2439 868 179 276 9 
85 1311 1692 268 2941 2942 668 669 2943 2944 2945 296 
229 230 856 2946 2947 1289 341 923 2946 2948 1064 
81 82 85 2949 
113 190 2613 209 192 193 83 84 420 
113 190 2950 192 193 83 84 
95 1765 701 90 699 915 
972 4 173 1952 2951 5 
232 40 1878 2952 2953 
841 130 131 2954 2955 2195 
379 1867 1009 1631 303 1771 1538 2956 2957 379 1502 2958 
481 2959 2960 2961 416 415 2069 1957 2962 418 2963 627 692 
212 2372 113 190 419 192 193 83 84 
2964 50 31 179 372 1373 1502 1503 278 
2645 1186 2642 2099 2965 843 31 2647 274 2645 99 2966 
610 40 2862 2967 2968 2969 274 631 2565 2733 2970 
2734 1310 412 254 1658 2971 2972 281 2973 681 281 2417 
2707 726 551 1067 
133 134 130 131 404 1733 130 131 404 2974 2975 2976 2977 
2835 1963 2172 2173 1264 2174 2978 2979 2980 2177 1965 
2981 2982 2983 238 785 2365 1039 1264 2984 1213 2985 
321 559 
104 541 201 202 891 2986 384 2987 2988 
2989 2990 2991 2992 1603 569 570 1250 
52 53 47 49 50 
2993 199 201 1607 804 54 891 106 
569 570 228 409 351 571 1250 
381 634 
2994 321 2995 548 214 
118 274 399 156 440 1453 399 1189 364 
2996 83 84 1184 2997 2998 113 190 195 196 
206 20 2999 210 523 
363 364 1919 3000 3001 2026 1876 
1222 1867 1975 1525 1200 
130 131 133 134 404 405 787 133 914 
1053 3002 3003 744 40 3004 182 333 1322 3005 1053 
480 182 532 1875 527 3006 915 
3007 559 866 1000 2229 2757 393 106 
3008 3009 901 792 1305 
83 84 85 
2062 416 415 417 789 816 
330 83 84 292 681 3010 254 3011 562 
100 536 1186 85 498 3012 296 
229 230 3013 3014 3015 491 238 229 230 3016 1420 3017 3018 
498 83 84 85 3019 67 3020 
363 364 3021 3022 759 
3023 1824 2176 72 3024 642 643 354 361 
232 468 83 84 85 
3025 812 813 
3026 701 811 812 813 3027 
467 356 930 50 31 194 274 
643 855 780 3028 3029 3030 642 
1216 3031 3032 2708 2709 
866 3033 1669 210 523 94 887 53 207 3034 106 
101 632 3035 
552 321 262 548 553 1706 214 192 
1191 364 440 180 399 157 399 278 259 379 504 536 274 
602 40 
3036 111 793 1264 3037 1771 1955 624 303 
881 856 3038 590 268 3039 3040 881 856 1515 642 266 1735 2044 3041 
124 177 285 3042 2433 2085 3043 3044 3045 3046 3047 3048 
498 85 1634 498 1636 296 
3049 422 274 3050 842 1785 554 2810 986 3051 3052 3053 
3054 1734 3055 1074 3056 550 
259 260 999 1514 3057 2862 3058 3059 1636 3060 
356 519 53 50 
2110 2111 2112 2113 1532 1462 120 122 2069 2114 
3061 3062 668 801 3061 3063 117 85 2005 296 
1486 3064 699 700 
3065 2707 1333 397 1331 1332 
354 469 267 791 792 268 1856 
320 3066 321 322 323 3067 3068 3069 
2614 274 3070 219 364 440 399 1189 
1221 1610 1199 1200 1867 
3071 40 1490 586 3072 40 3071 1793 3071 40 1490 586 
229 230 58 381 1046 1046 
532 626 671 48 560 3073 560 3073 1824 3074 
2853 173 3075 3076 99 985 497 554 823 
2091 1611 1771 239 31 321 1593 485 18 3077 2091 
498 3078 85 296 3079 3080 
3081 85 296 3082 
3083 569 570 228 3084 262 571 569 2347 571 1250 3085 
3086 3087 1518 3088 3089 40 3090 1289 3091 3092 2427 1949 554 
500 1199 1200 962 
3093 113 190 431 3094 192 193 
155 274 530 364 558 527 3095 530 532 533 376 
889 890 3096 1140 1674 1675 866 1000 1676 106 1368 182 
1895 3097 599 643 1825 3098 
1492 1591 1495 1497 1498 3099 1593 268 
141 10 3100 
208 209 210 211 212 20 652 2999 210 
1461 166 3101 1359 3102 26 3103 3104 47 3105 3106 1636 
910 40 3107 
92 1155 185 1150 
3108 3109 117 3110 89 92 3111 274 273 3112 
130 131 133 134 404 405 787 133 914 
81 82 76 1959 118 72 85 
1546 1329 1539 718 1540 714 268 3113 3114 3115 158 
562 113 3116 192 193 1920 3117 3118 3119 113 3116 1005 
2259 3120 2713 498 85 296 
3121 3122 120 3123 2479 3124 2417 3121 3122 2479 3124 2417 3125 2608 
120 341 923 122 1886 
104 210 523 111 866 867 3126 
970 602 40 1343 3127 
3128 2211 264 296 85 2653 3129 3130 
700 699 2160 2186 
858 151 2434 2435 139 235 236 656 194 229 230 179 232 236 1481 524 
89 566 567 568 
160 686 3131 1141 534 1311 817 3131 1141 2387 
2500 910 40 613 2254 3132 40 3132 
381 2471 232 1048 3133 229 230 3134 
3135 226 3136 176 405 2246 52 210 3137 99 3138 
500 1199 1200 962 962 3139 1975 3140 3141 384 
652 3142 2012 
1058 1071 554 1058 1071 3075 1601 3143 3144 3145 
3146 835 8 184 1454 835 8 1114 99 184 
1607 804 1719 3147 1483 891 892 1028 200 3148 
3149 1074 3150 699 700 159 
573 1213 1214 1215 274 2995 2064 
942 3151 3152 85 296 3153 1811 3154 3155 1577 3156 
2426 3150 3157 917 2427 647 2426 3158 3159 3160 
3108 3109 117 3110 89 92 3111 274 273 3112 
1498 3161 3067 891 1601 2812 106 664 1068 889 890 2543 104 298 
3162 3163 3164 1447 120 1721 122 1447 67 120 341 3165 
89 212 1573 1252 3166 3167 207 3168 3169 
224 225 3170 856 710 2640 209 3171 
1468 40 3172 366 480 1452 3173 3174 617 3175 
992 992 993 85 83 84 3176 
3177 364 510 3178 156 99 180 157 1280 
399 1359 3179 257 3180 399 278 399 1359 3181 
138 2498 2500 679 3182 1254 3183 
159 99 699 700 
66 67 1519 415 385 177 296 85 
3184 40 3071 2327 1877 1620 475 3185 3071 2300 3186 40 3187 
1539 718 1540 1541 1542 1543 1544 1545 1546 1329 3188 3189 
321 29 3190 3191 177 2358 692 1853 
1996 791 469 1138 1139 3192 
3193 232 841 2672 2315 61 3194 1406 2315 2265 3195 
52 53 519 1562 50 
3196 392 1395 738 3197 285 1498 273 
857 858 150 151 232 236 1227 1429 229 230 210 873 
3005 40 111 3198 
764 765 762 800 763 764 765 1947 
975 3199 3200 241 40 1468 40 366 
1080 3096 1676 3201 891 1000 
1244 747 185 1152 3202 3203 2548 1516 1244 747 185 354 3204 1590 
2417 610 2361 2141 366 3205 366 2638 787 281 2417 610 
47 49 50 887 888 31 384 
1209 1210 3206 1915 3207 120 
190 191 192 193 
3208 3209 664 455 452 453 456 1871 1055 780 816 3210 
2169 1963 925 816 3211 3212 3213 3214 2169 1963 2486 1264 2174 1439 
130 131 3215 3216 3217 130 131 133 134 130 131 3218 130 131 3218 3219 130 131 3218 3220 
899 2174 1962 3221 3222 199 1867 1963 
647 3223 2291 85 1196 3224 1554 647 3225 
380 320 806 3226 99 3227 3228 
130 333 133 134 404 405 130 131 3229 2504 3230 430 3231 
498 85 3232 232 
229 230 381 1046 636 637 2413 855 2414 2415 229 230 
2009 798 700 2673 3233 
873 1096 964 3234 3235 3236 3237 2830 3238 3239 104 
1589 1221 1610 1562 1199 1200 393 1218 518 1221 507 1137 1810 
693 31 179 1372 1373 
364 558 156 440 1756 399 1164 1393 560 3240 399 156 
229 230 3241 2946 2947 3242 194 
363 364 3243 3244 1799 3245 375 
128 491 238 9 749 
650 651 652 653 210 523 2157 207 568 206 
2781 379 2533 2534 
981 3246 224 3247 3248 3249 120 3250 1635 3251 3252 3253 120 
3254 335 3255 3256 95 1601 3257 
133 134 404 405 1031 787 130 131 
549 866 1080 49 1918 104 
1538 4 553 3258 3259 899 284 687 404 3260 2504 
639 2322 254 281 
491 238 749 287 229 230 633 3013 3014 3261 1481 3262 
3263 1592 3264 3265 3266 3267 1785 274 
107 108 42 110 2127 504 274 666 
2707 726 699 700 
89 566 567 3268 
498 3269 3270 85 268 3269 3271 3272 296 
113 190 561 192 193 
364 590 292 758 375 759 
3273 268 3274 104 807 106 
1539 718 1540 1541 1542 1543 1544 1545 1546 1329 
229 230 179 466 656 3275 275 236 276 3276 3277 
483 381 2471 2621 1957 3278 483 2035 93 3279 3280 2370 398 3281 
2358 1809 160 1114 194 194 2358 692 2360 1611 2030 
3282 3283 602 40 3284 
3285 1244 747 185 
113 190 561 192 193 83 84 420 532 
141 10 
40 3286 2262 366 1292 1176 3287 366 75 481 3288 
133 134 404 405 1031 787 130 131 393 3289 
858 151 2434 2435 139 235 236 656 229 230 179 232 236 1481 524 3290 
133 134 404 405 1031 787 130 131 827 274 130 131 1032 133 134 1033 
227 731 732 3291 3042 2598 
312 314 1620 316 317 318 319 3292 3293 116 
2994 321 1274 2995 3294 3295 300 552 2994 321 2244 1910 
1011 523 104 106 807 1028 202 804 840 
3296 3297 775 115 40 3298 3299 3059 405 2245 652 3300 
3301 824 3302 1241 124 177 3303 405 3304 3305 
720 759 3306 3307 2169 1963 2486 1289 2141 3308 
403 507 632 
2647 3309 19 3310 3311 30 2124 772 2685 
878 179 1216 1217 1450 1644 956 1450 
3312 274 651 289 1372 778 1757 2848 1040 480 
1889 274 793 229 230 58 381 854 1046 
3313 81 85 223 296 
498 85 3314 296 
113 465 3315 3316 3317 268 2535 2753 222 192 193 3318 
337 210 523 
650 651 652 653 210 523 2157 207 568 206 210 523 
40 1409 1029 40 948 3319 949 841 
229 230 466 1229 656 
120 268 652 122 1886 3320 359 120 923 
296 85 749 815 1303 169 137 950 3321 3322 
2597 275 229 230 1088 381 1046 3323 62 1989 3324 
259 260 261 262 263 
3325 3326 569 570 571 
113 190 3327 192 193 113 190 195 196 2388 
285 559 3328 627 629 
101 2500 
1056 498 85 3329 49 296 
3330 3331 1966 3332 3333 2871 883 333 3334 3335 1074 99 3336 3337 
3338 975 3338 602 40 1952 111 3339 
498 85 83 84 3340 1099 3341 
881 642 266 643 69 1515 642 172 362 1216 1217 1824 1154 
2796 89 683 566 567 1805 89 683 1691 3342 
3343 1378 3344 1244 747 185 1716 3343 1378 3344 1244 747 
268 296 49 268 49 2244 2273 281 354 2273 281 
3345 83 84 85 3321 3346 3347 296 1812 
3348 3349 274 798 1413 3350 699 701 7 2893 64 3351 
4 1952 1953 173 
155 274 1871 456 1870 2897 
1961 1962 3352 2011 2176 2169 1963 2177 1965 3353 3354 1963 3355 
384 224 225 226 227 228 3356 224 225 3357 510 3358 2880 
130 131 133 134 404 405 787 133 914 546 404 405 
52 53 47 3359 50 1141 
698 1490 1491 3360 3361 159 
185 1150 3362 185 1056 3111 497 
321 3363 322 323 
510 699 700 811 812 813 
3364 289 1454 2443 3365 3366 405 714 278 3364 1528 405 1203 
3367 312 314 315 316 317 318 319 
3368 50 31 3369 47 99 1372 372 1373 3370 
3371 1613 3372 3373 
510 3374 3375 3376 391 392 3377 
726 699 700 
498 83 84 85 271 1650 359 3378 
232 841 842 843 841 221 
294 67 1606 1676 566 1138 92 1051 89 2643 
2343 41 40 2254 389 1793 910 159 159 
2127 1162 3379 392 3380 3381 786 405 3379 
2597 275 163 164 3382 3383 163 164 3384 1172 3385 
130 131 404 3386 130 131 404 130 131 3387 2134 2135 
532 558 285 559 560 
1559 356 47 574 
356 930 50 31 774 775 3388 
296 85 466 546 793 847 295 
663 274 229 230 58 381 854 
3389 857 858 179 232 236 491 238 899 229 230 232 233 3390 3391 
104 201 891 104 3392 2146 3393 1955 
1517 3394 3395 130 131 133 128 3396 
130 131 2600 133 134 1760 42 285 717 3397 3398 130 131 2600 
866 1080 49 1918 104 
1492 1591 3099 1593 1495 3399 3400 62 1989 466 274 285 
3401 3402 3403 571 3404 560 2019 409 228 569 570 2020 3405 
3406 1413 899 50 262 786 1452 432 47 384 
232 3407 789 954 1162 954 3408 789 1810 
3409 3410 731 2769 2770 
3411 118 401 3412 40 274 910 40 1670 
229 230 58 381 1046 763 682 229 230 3413 
668 3414 3415 2830 935 296 80 
1221 1222 1867 1975 1525 1200 
2006 80 264 992 83 84 85 932 933 
3416 28 40 111 182 610 1782 173 975 1793 782 234 
643 3417 642 139 1216 1217 
177 682 683 684 31 685 31 160 686 80 
3418 3419 1138 1139 3420 1244 953 1676 1138 
1883 1218 1199 1200 1221 1610 3421 
1827 639 67 264 992 83 84 85 932 933 
3188 296 80 168 169 1785 3422 824 80 1612 184 
3423 404 1204 281 1629 787 463 173 665 133 2322 1204 3424 
778 387 567 89 1676 2199 1289 1141 268 
3425 2700 467 356 96 2509 519 50 1174 1175 268 3426 356 96 
973 873 2938 3427 1801 1186 1824 2160 163 164 
331 332 333 334 335 31 336 331 332 333 337 338 274 
66 67 994 992 83 84 85 
3428 229 230 2439 868 1420 363 276 237 238 
294 1166 851 296 85 66 80 297 298 
462 953 3429 259 3430 366 611 
2707 699 700 
83 84 420 113 190 191 192 193 1904 
168 562 1748 1073 
710 2368 2369 3431 3432 713 787 2500 714 
791 792 3433 3434 791 792 1717 1349 791 792 791 792 3435 
229 230 3013 3014 3436 491 238 118 3275 229 230 276 
141 3398 3437 2938 
1264 2685 3438 1500 2169 155 274 1264 2685 3438 1500 
1815 1816 83 84 85 
194 1584 321 3439 3440 3441 259 379 322 323 
668 669 393 3442 85 1670 3443 209 3444 3445 296 
115 3446 3447 3448 723 699 700 141 99 
856 1945 120 
3306 316 2169 1963 2781 2176 
3449 467 356 930 50 31 194 3449 
3338 1005 3450 160 709 3451 2559 1100 3452 
229 230 2640 2641 58 381 1046 
232 133 134 1760 130 131 3453 229 3454 2006 3455 3456 3039 2782 
2662 1081 2663 40 3457 1426 789 3458 2663 3459 
254 3460 281 3461 
3462 2057 113 190 419 1108 192 193 83 84 3463 3464 
81 82 76 1959 83 84 85 391 3465 
963 26 3466 1567 3467 
113 190 3468 192 193 83 84 420 3469 97 
324 1221 507 3470 3471 1743 2473 317 207 
856 1945 120 
99 106 89 3472 1573 564 3473 1122 47 
524 1801 3474 818 
213 710 2368 2369 1372 3475 2371 714 278 714 710 
3476 3477 229 230 234 3241 2946 2947 1289 341 
1054 1055 456 1870 452 453 2897 3355 452 453 1053 1870 3478 
112 569 570 1407 2799 3479 1250 3480 274 569 570 228 3481 
954 497 334 2781 
254 3482 332 3483 462 2322 281 332 3483 1454 268 3484 
915 3485 1513 1889 312 313 314 315 316 317 318 319 
3486 131 404 3486 131 130 133 134 3487 404 405 272 2199 3488 
3489 3490 3491 3492 1280 527 158 3493 2220 3494 3495 
3496 3497 803 3496 219 3498 3499 3500 3501 267 
330 83 84 2380 
3502 1180 1606 3503 3504 392 738 
483 1547 875 238 3505 2106 
142 143 173 9 3506 150 151 3507 3508 232 1227 
363 364 3509 3510 3511 639 
190 2613 83 84 193 
3512 381 1046 229 230 1641 3513 229 230 3514 3512 
3515 3256 89 212 66 1573 213 554 
3516 3141 1676 104 3517 536 3518 3156 3392 106 182 
1628 1051 3519 619 534 837 1718 123 
3520 1102 447 101 1641 1162 3521 
2536 3218 3522 1703 1704 
2536 3523 1704 3522 639 1703 1704 
862 3524 238 681 632 681 1529 2674 3525 333 3526 
259 260 2821 3403 
3067 3527 622 40 3528 2206 118 622 3076 3529 67 3530 
3531 2418 3532 3531 2418 3532 40 111 1601 3533 510 405 117 2411 
961 500 1199 1137 855 2848 393 1218 507 103 1199 
3277 1718 2166 1836 2892 3534 717 
1983 232 1399 312 313 314 3535 3154 316 317 318 319 
141 50 
364 3536 440 399 1189 1393 
10 9 2935 
3537 321 1593 3538 1771 3021 3539 158 651 
209 319 3540 3541 312 314 315 316 317 318 319 
89 566 567 568 
3542 1929 3543 2368 2369 3544 3545 3546 2842 48 2257 158 3547 
160 2369 220 1498 2493 2494 2015 2495 2496 220 
3548 3549 
2708 2709 412 2785 2262 1001 2786 2663 
10 9 170 340 9 3550 2879 2640 2733 1047 3551 340 
1190 530 532 558 285 560 2025 274 997 
3338 1005 3450 160 1138 1139 373 1700 2045 3552 
719 720 721 392 722 1683 
229 230 139 232 341 3553 229 230 139 232 341 3554 487 237 3555 
1023 1024 3556 120 95 
3557 3558 3559 3560 3561 3558 3562 1429 603 3563 
254 1658 1659 813 1660 
1439 254 3564 281 254 281 3564 281 3565 3566 281 632 3566 3567 856 
137 113 190 195 296 192 193 501 
296 1692 85 
3568 3569 40 111 3570 1203 1601 3571 3572 
1244 747 185 1150 185 186 1362 1244 747 185 1150 185 3573 
3218 3188 1703 1704 
295 1888 232 83 84 85 359 1650 3574 3575 
354 155 156 440 157 363 364 558 
3576 1218 1221 1222 626 1199 1200 
1961 1962 3577 1963 1961 3578 3579 510 559 3580 
1411 3581 569 560 2019 758 569 570 409 571 2382 2383 
3582 1649 2368 2487 2369 3583 
232 2069 95 120 3584 3360 992 3585 3586 232 3195 
3587 130 131 133 134 3588 130 131 3587 757 83 2504 3589 
562 227 730 3590 731 3591 1040 480 118 3592 3593 227 
113 190 682 1108 1040 192 193 296 
532 558 285 560 560 3594 627 2220 3595 2602 
688 689 690 691 692 300 278 688 2549 2963 
229 230 3013 3014 3436 491 238 118 3275 229 3596 
268 104 321 322 323 274 
2163 1510 699 700 3597 928 816 3597 632 3598 
791 792 3599 497 1292 3600 3601 791 792 334 1754 270 3602 
0 1 2 3 4 5 1538 972 4 3603 3604 0 
3240 363 364 3605 180 1061 1299 156 440 157 
156 180 2747 1164 157 3606 3607 1359 3608 558 1570 1799 1190 
899 903 228 569 570 409 1250 3609 571 
416 415 417 789 816 2369 856 3610 3611 3612 856 3610 2899 3613 3614 
281 1316 254 3286 1313 1659 3615 479 281 95 
1311 2975 1058 1071 1311 2975 1058 1071 2974 3616 1058 
40 2591 795 1891 2300 3617 2908 3618 
3619 3620 3621 120 3619 3620 3622 3623 3622 2048 1359 3624 
823 562 3625 3626 819 910 40 111 
3627 880 1012 381 3628 868 466 870 656 229 230 551 
155 274 138 2498 3629 679 1417 1721 138 2498 
212 1949 3630 1506 1601 3631 281 281 
3632 3633 292 1518 944 3634 646 647 278 278 292 646 1607 
66 67 2611 3635 296 85 889 2611 3636 
663 274 3637 1200 1137 2042 1199 3638 1200 997 1199 
3639 185 2102 3640 953 185 1150 1788 
698 3641 1475 296 85 639 940 103 
498 1503 271 2579 296 85 2581 
106 2714 958 104 1461 182 
66 1815 1816 83 84 85 
89 566 567 568 
1382 3642 3643 3644 1525 366 652 3645 3646 2320 
312 314 316 317 318 319 
2343 2610 1965 40 3647 3648 3412 
50 262 786 1452 432 47 50 31 1347 1348 1043 398 3649 
130 131 2055 1641 977 134 3650 329 3651 130 131 1607 
2444 2341 1209 1210 120 2031 1721 1209 1210 3464 
321 214 1065 1032 1066 210 523 
232 85 316 3652 945 946 3081 296 
1121 3653 238 1039 3654 515 1041 803 
3655 324 99 2407 327 
381 229 230 2640 2641 58 1046 2225 
285 559 560 321 3656 3657 548 128 690 432 3658 
1676 3659 1139 
532 1280 285 48 560 3660 3661 3662 3663 3664 3665 
381 1046 229 230 869 2471 2640 2641 
3556 1004 295 83 84 80 928 2407 296 80 268 
235 236 237 238 1046 128 287 3666 170 875 238 3667 
294 1667 3668 296 85 66 80 297 298 
652 232 841 3669 3670 26 128 469 
229 3671 230 381 2471 554 3672 
932 933 232 85 296 264 
3673 3674 803 221 3675 3676 901 231 803 
83 84 281 3677 1207 254 477 2061 3678 1625 466 672 281 
2037 3269 324 3679 275 500 
3680 364 156 440 1453 399 1189 1190 1191 363 364 
962 2042 3637 1199 3681 1200 518 
746 385 89 386 387 89 388 387 389 3682 
510 699 700 811 
3683 363 364 2886 3684 3685 3684 
2246 841 40 40 
753 3686 3687 1423 1636 3688 294 268 294 403 2640 632 
938 274 163 164 3689 5 784 899 
602 40 3690 622 953 1792 602 40 3690 622 953 3691 3692 1735 536 
2368 26 963 2369 405 
552 1080 285 2921 2922 553 1706 1040 480 
1483 106 592 2871 
363 364 3536 156 440 157 
3196 392 1395 738 3197 285 1498 3693 
824 3694 3303 405 2399 124 177 3695 3696 3697 2019 3698 111 
3548 3549 1191 363 364 3699 594 156 440 
1589 416 415 417 3700 3701 
481 1217 3500 896 897 15 20 192 3141 13 158 
3702 296 85 1160 1303 
319 1056 3703 312 314 315 316 317 318 319 
107 108 109 42 110 111 
536 3704 1910 1343 533 40 3705 208 1910 533 1040 2136 3706 274 3707 953 
2169 1963 1218 1264 2685 3221 2978 199 1264 2174 3708 2219 3642 
1217 3709 643 642 1216 1217 883 1585 
1747 566 95 3710 687 3711 1120 953 1676 208 
1040 1396 2877 3431 3712 1051 
998 3713 106 192 1000 2228 3714 2229 1048 
130 131 825 826 133 134 404 405 827 274 828 829 
2320 111 622 2084 232 1572 359 3715 40 991 480 173 
1832 257 550 399 853 1734 1101 510 1910 180 3716 399 155 274 
1318 3717 3080 286 287 525 875 238 1046 381 
3718 3719 333 40 3720 3721 3722 753 366 
168 169 296 80 3723 
498 3724 232 85 296 
36 380 320 2258 259 379 322 323 
795 296 85 296 1323 184 97 62 1949 
1655 3725 303 48 1771 739 3726 573 3727 3728 3729 560 
298 3730 772 209 602 40 1084 3731 1062 3732 565 562 
2708 3733 824 925 3734 644 124 177 3303 405 
652 366 3735 3736 
3379 276 856 10 1841 1842 2543 3737 
963 2369 3582 2368 730 480 99 2160 3738 26 51 
1138 1139 573 1789 
798 701 510 3739 
113 190 419 856 2934 434 83 84 2578 3740 
644 645 646 647 2812 
294 1519 415 296 85 66 80 297 298 
642 1669 69 644 
130 131 406 850 133 134 406 99 800 
3741 3742 811 699 977 3743 159 
173 40 953 2151 366 
1058 2282 2283 119 1058 1934 2284 2285 2283 1071 1217 1203 
1461 104 1027 1028 3744 54 106 3745 485 3746 
891 3747 3748 106 192 1000 3714 3749 3750 1722 3751 346 
4 3752 1537 784 3753 3754 3755 1538 972 4 
3756 3757 1485 2638 510 699 700 
3758 3010 254 3759 1430 3760 3761 281 
3762 254 3763 1632 3762 254 3763 1632 1514 173 809 1973 463 
232 83 84 85 333 3321 3322 
1486 1487 2769 2770 3764 149 1462 274 3765 95 
481 963 3766 469 
2210 602 40 1879 
595 234 596 597 80 598 599 600 601 602 40 603 604 
274 648 52 1981 47 581 50 
3582 2368 2369 3767 3768 2064 714 1359 3369 3769 1562 3770 
1393 2946 3771 1004 1613 1619 497 1393 2946 3771 2048 1004 3772 
2409 3773 803 2384 3774 1141 3775 3776 1041 
89 566 567 568 
569 570 744 571 228 569 570 3777 2021 214 480 744 
254 1660 3778 281 254 281 1310 
3779 2069 120 341 923 
798 1413 3350 699 701 7 2893 64 3780 3232 
622 1607 2671 1707 1607 622 40 1731 3781 1707 1607 622 40 1731 3781 287 
943 586 40 3782 3783 3784 3785 943 586 40 
50 31 1347 1348 1043 1577 
3680 1606 899 1411 1510 699 700 268 3786 
3005 3787 560 2500 3788 
450 3789 3790 668 3791 1356 528 85 296 
3792 3793 1430 3794 3795 254 1106 2322 479 
381 1046 3796 3797 229 230 1805 300 562 
3798 858 151 229 230 2018 491 238 
274 40 2254 480 819 3799 944 3800 1989 819 3799 910 95 40 3801 
3274 106 3802 523 3168 664 1955 104 
632 2151 473 130 131 406 850 133 134 3803 1282 
356 693 262 31 1577 356 693 3804 1346 984 
130 131 132 800 133 134 2133 1185 130 2134 2135 
734 447 101 
1519 415 173 49 296 
285 130 131 2600 1647 1648 2929 130 131 3805 3806 
896 3807 3338 3808 160 3809 624 1095 2100 3810 
3811 111 3812 3813 1128 52 1095 560 2565 160 3258 303 
759 3814 113 190 3815 192 193 
1138 1139 573 1789 208 1808 935 1809 1810 
175 176 124 177 746 1378 124 177 3816 2810 
738 2536 3817 699 700 3818 509 3447 3680 2069 2550 2112 
824 2199 2347 1933 1071 3819 
954 2531 953 1264 637 2532 2533 2534 
225 626 228 227 3820 
3821 1941 2646 3822 9 1940 1723 300 3823 1941 2646 3824 
359 699 701 
101 632 3825 3826 
113 190 419 192 193 83 84 
533 79 520 1467 798 3341 160 283 3827 
3828 3829 3830 3831 1039 1040 1041 803 
40 1878 3131 366 3832 947 
229 230 381 1046 3833 160 686 3834 3835 635 
3836 1184 141 85 536 1186 498 3321 3837 296 
2368 2369 3680 1629 3838 734 3839 3840 
643 139 1650 266 1836 2654 642 3841 3842 3843 
113 190 2106 2107 192 193 83 84 
322 1612 3844 1518 2730 3197 763 392 1184 
1448 331 3845 3709 
3846 722 880 295 85 3847 296 3848 
295 1160 1303 85 173 3849 83 84 3850 
85 359 524 83 84 809 3851 352 296 
562 122 274 3852 3853 3854 120 3275 3855 3856 3857 3858 
356 519 53 50 155 
551 274 3859 287 104 200 201 202 106 
1311 803 267 590 3360 3860 267 803 2717 949 
823 562 381 1046 634 1528 229 230 1046 
3861 3862 1929 1044 3863 412 1184 1333 3607 
1655 1353 2646 532 1280 285 559 560 744 
1692 1739 296 85 
532 321 285 2519 194 
381 1046 229 230 899 2032 3864 3095 
89 388 128 1424 840 435 2219 568 97 
3865 3697 2019 262 824 3694 2399 3303 405 2623 285 824 504 
3866 139 3867 3868 83 84 3869 498 83 84 80 
2677 2859 622 1106 3870 840 2859 2048 3871 1010 3872 2677 2859 
1572 210 523 1573 3873 1378 
1185 530 532 2974 629 285 559 2519 1755 1876 527 
232 841 841 221 510 2184 1966 3874 894 
1486 1487 3875 3876 83 84 80 3877 3878 296 85 
3879 314 3880 3881 3882 989 818 97 
525 910 40 3883 2621 51 525 3884 910 40 3883 3353 3885 
1725 281 734 2660 3615 1632 2660 254 1632 
172 3822 9 10 3822 3886 481 1409 559 3887 
2163 3888 3889 228 569 570 409 1250 3609 571 
173 2810 398 3890 699 3346 99 3890 699 334 79 3891 726 510 699 700 
312 315 316 317 318 319 
3892 366 471 3893 3892 366 471 3894 333 3895 1895 1716 
752 681 753 303 754 1174 1175 1553 278 345 350 927 496 
809 296 80 668 669 
510 699 700 2163 1954 96 3896 
89 566 567 568 
1288 803 1039 3897 3774 3775 3898 1148 1041 
3899 3900 1035 800 374 740 2332 3700 177 1071 
113 190 3901 192 193 83 84 420 3902 
3433 40 2246 652 366 1739 
2375 321 3903 2645 3904 3905 2685 2645 119 3906 3907 
1138 1139 573 1789 
1692 2941 2942 1735 83 84 85 
569 570 571 1250 3908 569 2196 549 
50 1385 3909 99 1372 1373 577 106 1385 804 
1943 1618 901 284 586 392 3910 554 274 
104 1028 200 106 
3911 2368 18 26 714 715 2369 
798 701 726 3912 3913 3914 3915 3916 
254 3917 1106 3918 681 3919 3212 62 281 687 3920 3921 173 3922 3923 
2016 3924 1053 3925 227 
2469 3926 3927 3928 853 274 2718 1588 274 3929 
66 2380 668 669 83 84 85 668 669 83 84 85 3930 889 3931 391 
1546 1329 562 1525 589 2487 1322 274 1601 97 
2994 321 1274 2995 552 1294 1078 1079 3932 
89 566 567 568 
122 3933 192 193 3934 113 190 3935 3936 192 193 
532 3937 285 559 48 560 530 532 376 31 321 3938 384 
3348 3349 798 1413 3350 699 701 7 2893 64 3780 3269 
100 101 3939 3940 2473 448 101 
681 1703 3941 1704 510 
366 3942 2390 3849 1409 
3943 1343 83 84 85 809 294 
1209 1210 3944 1037 99 3945 3946 
1353 1454 2368 3947 3948 2369 26 3949 
3079 3950 85 232 
3951 1728 
3001 2976 2928 3952 
3953 3954 789 2974 629 
2032 3955 2006 264 85 698 268 3956 789 933 
89 566 3957 
285 559 560 2653 530 532 376 31 321 712 3958 
3108 3109 117 3110 89 92 3111 274 273 3112 
1490 40 3071 40 3199 366 3959 2769 3960 3959 2769 3961 
3798 283 381 875 238 
3962 602 40 2060 307 3963 49 
229 230 139 487 237 238 619 333 3964 749 139 3965 
3966 130 131 3967 717 3966 130 131 841 3966 130 131 130 131 3968 3969 
20 3970 2999 210 523 2062 1409 2999 321 3971 158 1098 
173 469 40 2511 749 
2016 99 269 1061 2105 3972 106 50 3972 106 50 
1197 1137 1198 1199 1200 1201 60 1202 1203 1198 1197 962 3973 
229 230 2640 2641 58 381 1393 229 230 855 1964 3974 2252 
1613 1614 3975 3849 1583 
40 639 1439 3976 3977 354 602 40 2060 841 3978 639 
3979 3980 3830 803 1039 1264 2984 1213 1041 
141 1490 1491 3360 1278 3447 510 699 700 
3981 1510 699 700 811 812 813 
977 815 352 354 85 296 85 352 765 
3982 3983 332 393 3984 576 3985 90 617 40 
3986 3198 910 40 3987 819 3988 
530 532 533 558 527 
130 131 133 134 404 405 3989 285 404 133 134 3990 
668 3991 1070 1669 83 84 2021 3992 3993 1070 668 296 916 
3994 3995 231 1492 3266 3590 3996 3997 1612 1785 3998 
1510 699 700 3999 
767 312 314 315 316 317 318 319 
2425 647 2426 109 2427 2428 647 2426 35 
1017 2148 4000 97 75 980 116 4001 4002 4000 296 85 
4003 793 83 84 681 3258 281 2042 4004 4005 2273 1645 
113 190 3327 192 193 1108 83 84 635 83 84 420 4006 113 
4007 1289 4008 1733 220 1706 1771 
366 281 4009 2744 4010 1248 366 
4011 85 296 295 85 847 
4012 142 143 9 4013 4014 780 150 151 139 381 149 
693 1013 31 179 577 
958 323 4015 3238 4016 104 4017 106 
1054 1055 452 453 455 456 
1138 1139 573 1789 208 1808 935 1809 1810 
111 521 522 523 409 516 517 518 519 520 4018 
363 364 4019 4020 4021 2285 92 566 1570 485 560 
498 1103 296 85 500 
107 108 109 42 110 111 107 108 436 437 438 439 
1613 4022 2838 586 4023 3849 4024 3067 4025 2944 3691 1615 4026 
4027 4028 803 4029 267 4030 166 1039 4031 1040 1039 
698 10 6 3100 
998 999 1000 1001 1002 1003 934 1004 1005 466 1006 278 
4032 3412 4033 1607 1731 759 533 40 953 4034 4035 4036 
285 559 560 2653 
50 47 1406 95 695 159 159 159 67 50 47 182 1347 1348 1043 274 
133 134 404 405 1031 787 130 131 
4 3752 1537 784 3753 
54 1562 885 50 
491 238 857 858 232 236 150 151 232 1227 277 
1359 1306 1564 1587 258 4037 4038 1734 4039 4040 4041 4042 1359 
210 873 229 230 996 381 
69 562 2940 740 1636 683 1141 4043 740 
2994 321 1274 2995 
4044 3198 40 67 947 2206 4045 1077 
4046 1813 2553 1227 150 151 142 143 1090 
3059 701 268 99 699 700 
113 190 4047 192 193 619 1572 2772 4048 
113 190 4049 192 193 296 2762 
10 4050 9 4051 67 4052 
4 1952 1953 173 384 
254 4053 
363 364 4054 2535 1754 52 4055 
312 314 1620 316 317 318 319 3154 
4056 469 4057 663 4058 1564 26 
130 131 825 826 133 134 404 405 575 130 131 4059 58 
113 190 2293 192 193 83 84 300 562 
1320 4060 4061 2139 1963 103 
156 440 399 1189 4062 363 364 1280 3539 4063 4064 
2597 515 276 237 235 236 237 238 1048 3275 4065 
452 453 455 456 1054 1055 
602 40 2069 3435 1148 3345 1029 4066 2073 1148 3345 602 40 4067 
390 3141 1591 1673 586 392 1771 1376 390 4068 160 2462 1717 4069 
4070 83 84 85 498 510 540 3232 3232 
2597 275 113 190 4071 192 193 707 3323 62 1989 
527 1280 4072 4073 317 560 1755 1876 158 
4074 794 1910 4075 741 4076 
120 95 121 122 123 124 125 126 127 128 95 129 
1009 303 560 2666 532 
130 131 133 134 1598 1957 4077 130 131 2431 4078 
960 4079 2674 228 4080 569 570 571 4081 
998 1720 1003 866 1000 
3196 392 1395 738 3197 285 1498 285 274 
50 109 3033 3951 47 49 50 887 888 31 50 182 
229 230 210 873 4082 381 172 4083 875 238 1046 
4084 224 4085 
2068 211 2065 4086 4087 466 4088 2064 
4089 1949 120 341 923 4090 3482 1359 2048 1359 
642 4091 3938 515 173 4092 1485 1588 1515 642 3040 881 856 1669 
2473 447 101 4093 271 
3814 264 4094 932 933 296 80 992 66 
4095 4096 85 296 4097 1867 
2069 4098 4099 120 341 923 2048 1359 4100 2502 341 4101 
466 274 4 128 1248 4102 3604 278 4103 972 4104 
1572 742 4105 106 103 104 891 106 
1592 274 1492 1634 4106 4107 4108 1495 2725 
381 634 232 1048 1528 557 210 873 229 230 
4109 2663 1017 296 85 
227 720 566 4110 733 731 732 566 
532 558 321 285 559 560 
2597 4111 50 31 179 484 1373 56 693 35 1347 1348 1043 3369 
40 2246 854 1791 1149 2206 4112 953 4113 319 
1483 1047 384 4114 1028 106 4115 4116 987 208 
4117 4118 4119 4120 120 4117 4118 4119 4120 4121 1292 4122 3584 
1730 40 1731 1732 1731 481 
752 681 753 303 754 1174 1175 1553 278 345 350 927 496 359 
264 83 84 85 880 759 737 
130 131 4123 337 133 134 404 405 130 131 4124 4125 4126 
718 274 
1537 4 925 282 283 284 4127 384 4128 
691 1809 160 1799 4129 4130 1010 2358 692 2360 
1133 113 3327 1108 192 193 465 113 4131 
229 230 58 875 238 1046 1047 232 1048 128 287 634 
759 4132 1185 632 314 315 316 317 318 319 
1213 1587 1588 
83 810 4133 295 847 296 80 1303 265 4134 1772 79 
1040 480 586 1762 422 1763 68 392 1764 
232 665 133 130 131 133 134 404 405 787 133 914 
468 4135 635 4136 99 2015 699 700 
4137 254 2380 281 
551 155 1220 103 1199 1200 783 500 
229 230 139 1966 237 238 1294 491 238 139 
632 324 
2667 1980 1573 210 523 3033 4138 268 4139 210 523 
40 948 947 4140 4141 4142 1710 948 4143 4144 1771 
107 108 109 42 110 111 107 108 436 437 438 439 
2044 387 1700 2045 57 2046 387 
89 566 567 568 
2405 4145 296 80 2066 83 84 80 294 118 72 
958 1300 95 1377 104 4146 4147 
823 562 875 238 4148 229 230 58 381 1046 381 
354 2021 815 4149 1160 1303 85 
1492 1591 4150 4151 4152 4153 4154 
1961 1962 4155 1963 4156 3299 1961 1962 2486 
4157 533 40 111 
133 134 404 405 130 131 2159 795 132 2160 2159 2161 130 131 
141 296 639 264 85 1399 
1221 1610 1199 1200 1199 1221 1222 1218 393 1975 3681 4158 
141 10 3100 
4159 532 626 321 285 559 2519 530 532 1755 321 3656 285 
122 1133 49 602 40 
4160 47 50 4161 4162 356 1607 4163 1262 3353 2827 
4164 3364 289 1454 2443 3365 3366 405 278 62 1989 466 274 
133 134 404 405 130 406 407 408 409 130 
296 81 82 76 1959 118 72 85 4165 823 4166 1071 
1515 642 4167 1216 1217 69 881 3024 
1492 1591 1495 2726 2727 
130 131 133 134 1598 
227 720 566 4168 735 732 4169 387 3656 4170 
295 83 84 85 847 
161 117 2322 463 635 
85 4171 296 668 
321 722 2848 519 31 4172 106 
1962 605 1963 2176 
232 85 296 932 933 264 1878 
576 853 399 1081 1734 412 4173 4174 258 
525 610 40 2254 266 4175 2048 1010 99 2741 525 610 40 2254 
1461 515 3637 1200 1562 1589 1610 
466 4176 2320 1111 4177 40 
569 570 702 1782 187 571 172 4178 4179 4180 4181 3672 254 4182 
569 570 378 696 3609 159 571 4183 571 4184 1334 496 4185 
4186 4187 4188 569 570 1250 2196 1250 4189 4190 
1073 1785 1933 1934 1935 1935 843 1198 2361 268 4191 219 
3345 1446 40 2245 1148 
3702 1303 295 856 655 85 154 83 84 
118 586 40 4192 1073 4193 2939 823 2300 4194 586 40 
3852 3853 1973 4195 4196 120 
1298 1735 505 3188 1355 2189 4197 4198 182 
254 4199 1632 
1209 1210 232 236 3945 4200 120 341 923 
274 2368 1409 679 2369 4201 2574 
89 566 567 568 
2702 1446 910 40 173 557 1446 40 772 1374 2702 40 
83 84 420 4202 4203 4204 3331 4173 3 4205 4206 2225 
2069 9 6 10 6 67 3956 294 1791 
229 230 4148 381 4207 1461 
717 4208 530 532 558 285 559 560 4208 
639 8 2141 40 4209 
366 4210 4211 365 4210 4211 238 1311 4212 4213 1989 1810 
72 266 4214 878 643 3041 226 4215 
89 2618 2619 4216 208 566 1788 4217 
4218 120 1636 4219 
229 4220 1423 139 232 1048 238 3964 4221 4222 381 
254 2273 4223 4224 4225 
4226 1429 532 558 285 559 560 
3350 4227 701 4228 4229 
296 942 2055 4230 809 85 
3680 3498 1343 1377 40 
4231 1735 40 366 
607 4232 2368 262 2574 2369 2370 2371 2940 398 4233 4234 
2037 324 2500 632 
4235 856 296 80 1815 4235 167 296 80 1815 
359 294 2037 324 632 
1546 1329 1539 718 1540 714 268 3113 3114 3115 158 4236 1237 
1361 228 569 570 3550 571 316 4237 571 
228 4238 569 570 1250 4239 4240 1647 3830 
510 4241 3154 700 699 700 
562 4242 559 365 366 559 1505 1572 1604 170 286 1343 4243 4244 
4245 4246 4247 149 210 523 34 210 1120 
122 1886 120 341 923 
1454 3582 2368 3768 2101 220 715 
1071 480 480 1058 1071 1531 1532 1533 1534 1535 1536 469 
120 4248 4249 4250 4251 4252 4253 2262 
4254 40 610 4255 44 2246 727 4256 4257 610 1606 
312 314 315 316 317 318 319 3881 893 4258 
1409 267 803 497 803 3774 
3556 1004 295 83 84 80 928 2407 296 80 268 
274 2069 1885 602 40 4259 
4260 1362 505 1463 4261 119 4262 1190 
4263 4264 2956 4265 4266 2050 4267 4268 120 
3709 335 31 336 331 3845 3709 335 31 336 331 
382 4159 532 1280 285 48 560 848 533 532 1280 390 285 48 
268 49 1349 267 803 4269 356 803 
80 294 4270 85 4271 
267 713 4272 800 1081 803 497 474 475 267 713 267 
1492 1591 1495 2615 3099 1593 273 62 1989 285 4273 4274 
384 889 4275 2647 19 384 4276 4277 4278 268 1879 1895 268 2545 
274 259 260 999 480 
3013 3014 229 230 466 491 238 
1537 4 284 4279 95 8 1538 972 4 284 4280 
1483 201 103 104 1484 1485 
4281 399 4282 1587 1734 4283 399 786 1353 4284 
40 772 28 2262 1115 753 
40 1162 947 
663 1564 26 4285 1857 
642 4286 1217 883 
106 1080 1662 1000 1002 3416 111 891 278 1080 4287 4288 866 4289 
533 4290 40 4291 241 602 40 4292 416 3071 
356 866 1673 1996 891 1000 4293 182 106 804 
190 191 192 193 2837 2753 2773 2774 
1411 192 193 3901 102 4294 113 190 4294 
274 390 4295 392 917 3607 901 3197 
89 566 567 568 
562 399 156 440 157 
800 1150 2965 185 1656 
275 163 164 1824 2511 800 1525 856 
4296 498 296 4297 153 419 
387 274 523 346 106 
1382 4298 1382 209 4299 2983 784 4300 1039 285 44 
573 4218 4301 4302 2106 571 679 281 
89 765 1188 92 1747 2217 4303 4304 300 184 89 387 
4305 4306 1711 4307 268 333 3131 4308 617 40 
356 47 574 774 775 889 890 2543 
295 856 655 4309 85 296 
2258 3880 315 1620 314 316 317 318 319 
1204 133 134 281 787 281 1606 4310 809 681 133 
2822 259 260 
4311 67 113 190 419 192 193 296 
775 254 1431 281 254 281 1310 
663 274 505 2187 1320 1298 801 4312 4313 4314 4315 
225 626 228 227 3401 1387 710 224 225 4316 
156 440 180 157 399 1164 433 1721 274 213 31 321 3219 
111 303 560 2441 2442 194 
569 570 569 1250 2196 571 97 
4317 50 31 1043 577 50 31 2536 4318 99 1372 1373 
4319 4320 4321 671 560 637 4322 158 527 
4295 329 4323 4324 303 1771 
381 1046 229 230 558 2471 
227 1943 4325 4326 3775 733 4327 1200 
220 1180 26 738 392 1181 1182 1183 1184 
163 164 783 784 785 786 
2597 505 505 1979 1320 1298 801 202 650 771 111 1320 1298 801 4328 
3758 254 780 1343 3758 254 4329 889 
133 134 404 405 1031 787 130 131 
296 847 295 85 4330 4331 
159 940 3081 85 1672 296 
4332 562 1949 891 2545 504 4333 1637 1027 106 
113 190 3468 856 2934 434 83 84 551 274 1812 
2126 4334 1056 4335 2358 4336 2788 
4337 4338 296 85 66 80 297 298 
787 4339 4340 4341 787 2394 2994 321 4342 4340 4341 
4343 83 84 498 668 669 4344 405 568 4345 85 
274 412 4 1952 1953 173 1537 1538 972 4 1953 1952 
719 720 4346 4347 3197 392 722 
1213 3345 4348 4349 4350 1737 1637 538 1289 4351 
274 2794 1280 4352 440 157 155 274 4353 714 4354 1601 
113 190 2855 192 193 296 
363 364 180 4355 2141 744 
281 83 84 3759 83 84 292 681 118 2138 4356 4357 95 
4358 4359 1825 643 642 
142 143 1964 4360 1305 151 734 139 875 162 675 4361 4362 4363 
4364 142 143 501 2369 767 648 150 115 780 3938 1046 
4321 4365 1965 622 40 3029 40 333 142 1965 622 4366 4367 
616 4368 254 479 4369 4370 1391 4371 4372 4373 
723 1809 40 854 1791 
899 2517 173 1572 671 560 1755 
232 296 85 173 72 501 173 80 466 4374 
856 517 2115 2116 4343 273 4375 
717 995 254 4376 281 
4 1924 4377 4378 4379 
4380 4381 533 1280 1203 532 1464 1465 533 
163 164 4382 1721 163 164 4383 
498 85 2258 4384 2307 2258 3601 809 296 85 
1294 366 679 170 1294 366 679 
1138 1139 573 1789 208 1808 935 1809 1810 
89 2643 3230 567 4385 94 89 568 4386 
259 260 261 262 263 
66 1888 4387 1022 4388 1142 1558 632 2715 1939 780 
381 1046 875 238 634 294 
296 668 85 4095 4389 1172 271 
175 176 124 177 843 4390 4391 333 1047 4392 149 
113 190 707 856 2934 434 1108 83 84 586 
530 532 558 285 559 48 560 
787 281 2411 758 787 4393 
639 67 3321 4394 4395 83 84 4396 85 
466 619 83 84 85 
4397 481 2230 823 4398 109 4399 740 
1514 83 84 192 193 465 113 190 4400 4401 1039 
1209 1210 120 2031 
232 841 817 1912 746 628 841 221 573 286 2249 4402 
13 4320 1061 4403 83 84 20 192 3141 15 4404 4405 3198 
3490 4406 177 510 4407 1409 4408 2358 
2229 4409 866 1000 891 3447 
915 4410 753 4411 4412 4413 4414 3884 1945 366 
296 85 359 1519 415 498 668 
130 131 825 826 133 134 404 405 575 130 131 4059 58 
40 1377 1926 333 4415 4416 1660 819 753 1736 4417 1926 4418 
900 254 4419 30 2322 
294 113 190 561 192 193 83 84 
229 230 466 341 487 238 4420 
113 190 192 193 83 84 707 4421 714 554 274 718 
89 354 92 4422 2499 208 566 387 
142 4423 4424 823 562 4079 2674 228 4080 569 570 571 
639 4425 4426 4427 4428 120 4429 
1209 1210 3207 120 4430 4270 4431 4432 2145 1617 
363 364 4433 92 566 2020 4135 
229 230 672 466 276 238 663 274 
4434 133 232 130 131 205 111 4435 393 1497 1704 
4436 910 40 3131 4437 40 2060 4438 4439 366 4440 
4441 562 229 230 558 381 1046 194 
3604 2951 800 4 2945 4442 4443 
4444 254 4445 2010 2587 3739 281 2945 632 
267 803 259 4446 267 475 267 791 792 267 803 497 267 4447 
4448 4449 480 4450 1650 192 764 765 2375 4451 1516 4452 1652 892 
4453 131 4454 2600 4434 133 
532 626 671 48 560 
753 1925 4455 3089 1927 40 1928 
4456 4457 254 900 406 281 281 4456 4457 254 900 
910 40 2245 4458 4459 975 4460 4461 3412 42 848 4462 
1220 103 1323 2591 4463 480 1610 1199 1200 1883 500 158 4464 
1538 4 266 5 3604 273 62 1989 285 4273 1278 
505 333 506 4465 2189 
243 244 842 4466 
130 131 133 134 404 405 787 133 914 546 404 405 4467 4468 
412 159 3582 1372 840 2368 2369 
816 4469 699 816 3350 699 700 
1546 1329 4470 103 4471 4472 718 1540 4473 1543 4474 4475 4476 
294 1692 296 85 66 80 297 298 
4477 99 232 841 843 841 2965 328 
4478 354 4479 2386 4480 4481 95 415 3296 
1690 1216 1217 881 69 1824 1515 642 4482 4483 4484 139 642 171 642 
498 232 296 85 1102 
2368 2369 1562 220 2493 2494 2015 2495 2496 220 4485 
2368 262 714 2369 2370 4486 2371 4486 
81 85 2021 296 85 4487 4488 
1058 817 2963 3865 4489 29 714 278 1058 
992 2168 4490 85 3627 296 1650 3469 
381 4491 557 
4492 4493 1207 254 4494 254 4431 1292 673 2141 1640 4495 4496 4497 
752 681 753 303 754 
4498 3188 50 853 580 160 109 771 1069 1345 
359 40 480 1989 3568 780 1409 652 40 3531 252 
296 85 4499 4500 4501 682 852 4502 4499 139 
83 4503 4504 4505 2859 2741 83 84 8 2859 83 
4506 1613 1614 1619 794 
20 4507 2999 210 523 
385 89 386 387 89 388 387 389 3682 
602 40 221 2741 4508 4509 1240 2300 4510 4511 487 
932 933 3534 79 85 4512 790 4513 2673 296 85 
4514 635 254 2034 281 
294 4515 4516 819 4517 466 2141 622 40 
50 31 3369 47 99 1372 372 1373 3370 
10 110 1878 4518 
1546 1329 1955 1539 718 1540 1329 2469 
4519 381 1046 287 875 238 634 
281 1207 254 4520 2002 4521 
910 40 210 523 962 
4522 480 4523 899 268 4524 4525 254 1632 
4526 4527 83 84 899 1353 1519 415 4528 
274 412 577 960 89 566 
130 131 1636 3680 800 2472 130 131 1636 130 131 
83 84 420 85 2952 
602 40 4529 4529 
4530 835 8 2064 2065 835 2066 2067 109 2068 
752 681 753 303 754 278 
1138 1139 4531 1035 1996 92 4532 4533 4534 
4535 4536 1207 254 281 823 
4537 40 4538 1688 4539 2935 4537 95 3407 2940 466 4537 1793 4540 4373 
835 8 1114 835 8 153 287 153 287 1114 835 8 639 
4070 163 164 5 110 316 1174 1175 278 1186 4541 
3632 3633 292 1518 944 3634 646 647 278 
1973 2146 281 4542 1081 1207 254 4543 
2994 321 1274 2995 300 552 2994 321 2244 1910 2995 
813 610 40 953 273 328 4544 4545 2378 4546 
4547 3739 4548 254 281 
83 84 420 113 190 191 192 193 113 190 195 391 
40 2246 1082 4549 3522 2246 4550 4551 4552 40 4553 
229 230 58 381 1393 341 2251 855 2252 9 924 
1070 842 1564 4554 
229 230 558 1145 1146 381 947 
1349 530 901 792 2386 270 
229 230 58 875 238 1046 4555 85 1754 
569 570 571 569 4556 571 228 62 469 
50 31 372 1373 1559 
483 4557 381 3945 232 974 274 4558 562 481 4559 341 170 4560 4561 
2439 868 229 230 749 870 238 4562 210 873 871 872 
4563 4564 2043 1071 822 3545 
2517 95 303 3236 1516 209 2217 4565 
698 142 143 4566 294 150 151 1012 381 4567 4568 632 159 
296 85 118 119 
663 274 663 1564 26 4285 1857 
295 85 142 352 1878 536 4569 352 4570 4571 
4572 616 1115 40 
622 40 2129 1073 72 4573 3224 
4574 4575 412 1492 1634 4106 4107 4108 1495 2725 285 1947 
663 274 1298 2919 1354 505 1355 
1537 4 925 282 283 284 95 8 1538 972 4 284 4576 
1613 4022 2838 586 4023 3849 4577 3729 4578 4579 
1667 3668 1668 1669 1353 83 84 85 128 842 1274 1406 
4580 60 179 1216 1217 
2702 8 1490 910 40 2483 3642 789 4581 1428 
2565 113 190 3327 192 193 113 190 195 196 
2322 254 2034 281 780 99 
229 230 558 381 1046 
104 1028 435 2666 3235 47 106 3274 
2417 4582 2671 989 2216 4583 4584 1564 1377 40 4585 
229 230 232 233 1090 
313 1375 2967 184 2300 4586 1481 4587 4588 605 610 2207 
4589 639 243 244 516 4590 2069 4591 1114 616 2021 24 
1537 4 173 1952 99 5 1538 972 4 173 1952 2703 
1409 1081 267 1007 497 1409 1081 267 1007 497 1409 1081 267 4592 1007 
1645 793 4593 254 1431 1432 4594 1149 2411 
113 190 707 192 193 2772 2773 2774 698 4595 
20 652 2999 1980 213 
532 4596 1058 4597 
278 203 998 1735 192 1000 3627 1720 1003 
4598 2794 576 480 138 2498 2610 2500 679 1821 
10 9 6 1841 1842 232 1927 9 6 3636 4599 4600 4601 9 
2536 1702 480 95 1703 1704 
4602 625 40 2098 3533 620 4603 4604 4503 1346 274 1564 2069 4605 1678 
4606 700 2703 78 4607 4608 4609 339 953 97 
1004 268 1837 8 910 40 639 1394 
83 4610 2131 1627 2273 330 524 1812 4611 4612 281 
530 532 3937 317 671 48 560 2199 2974 629 4613 627 4614 
99 3427 296 85 4615 815 147 4616 
505 2187 1298 1320 801 1495 2188 4617 
811 812 813 510 699 700 159 4618 793 
4531 796 2730 341 4619 4620 740 
113 190 354 177 192 193 
933 3890 414 
113 190 4621 4622 192 193 
4623 824 58 4624 3999 1933 874 
693 519 31 
4625 622 40 
1264 1961 975 40 111 4626 40 1172 2090 4627 
20 292 185 2060 
321 2646 1661 787 2921 552 2994 321 4628 1080 4629 1937 
866 104 4630 4631 4632 866 1483 1834 2024 8 1765 2191 
1189 2098 399 1570 220 
1292 2262 3536 401 1634 819 622 40 1292 2262 4633 622 40 4634 
1015 66 67 994 992 83 84 85 
40 111 184 729 325 4635 4636 4231 3987 137 4296 
1585 274 958 104 201 106 
663 274 1298 2919 1354 505 1355 
133 134 404 405 1031 787 130 131 393 3289 
2810 398 3890 699 3346 99 3890 699 334 79 3891 726 510 699 700 
3587 130 131 133 134 3588 130 131 3587 757 83 2504 3589 
693 31 179 372 2875 1373 50 
4 1952 1953 173 1537 1538 972 4 1953 1952 4637 
763 602 40 1731 4638 
111 4639 232 841 1058 2315 61 842 232 841 4640 99 4641 4642 
1148 602 40 1148 602 40 1081 208 717 4643 4644 717 466 600 466 
229 230 58 381 1393 1046 278 278 229 230 855 1964 
3515 3256 89 212 66 1573 89 
4645 2338 1023 4646 2743 4647 4648 4649 1874 515 
481 2417 513 281 4650 4651 
229 230 2640 2641 466 381 1046 
3275 4275 229 230 558 491 1390 151 3439 1481 3275 
4652 4653 294 1692 296 85 66 80 297 298 
2260 1815 1816 85 296 3670 3574 338 817 
940 3997 303 309 1771 379 4130 4654 4655 304 3239 3902 
3447 259 260 4656 4657 1127 3546 232 1986 
274 525 910 40 2254 
365 366 4658 3891 366 232 727 90 4658 3891 366 841 
354 3588 238 150 151 857 858 235 236 237 
3680 254 569 1660 254 569 1660 2412 2412 2412 1342 4659 4660 
632 2043 1071 1895 2327 
4250 113 190 4661 192 193 707 113 190 899 4662 
107 108 109 42 110 111 107 108 436 437 438 439 
4663 1399 632 85 933 296 2005 
296 85 295 847 4664 1160 1303 
1353 89 67 797 566 567 294 
4665 4666 2595 803 1039 3654 515 1041 803 
232 274 2169 1963 4667 4668 2176 2169 1963 3222 4668 4669 2176 4670 4671 
4672 2647 19 367 4673 4672 1811 4674 
4288 4675 185 1150 1155 2548 1244 747 185 573 185 1150 
294 4676 3071 40 297 67 40 274 67 
4677 329 1446 1607 4678 570 1377 118 816 40 
2597 275 229 230 139 466 2456 276 237 238 4679 182 4680 4681 
562 1209 1210 2181 120 
4682 4683 4684 4685 2983 2101 958 901 1007 4686 2985 
190 707 192 193 113 4687 4688 
569 570 571 1250 228 409 2344 4689 1408 
734 294 324 
99 130 131 800 665 133 130 131 4690 680 133 134 132 4691 
759 3814 128 287 333 381 634 
104 3700 2401 891 1543 4692 
4693 4694 632 4695 403 
113 190 4661 83 84 192 193 707 
4243 366 471 800 365 366 471 4243 366 471 366 4696 
4697 557 570 4698 283 4699 1237 2220 
1213 1214 573 1215 1214 1213 393 117 
1331 1332 392 391 4700 1130 4701 4702 0 3331 
89 566 567 568 
530 532 626 627 629 317 48 1771 
4703 4704 3700 4705 4706 4707 622 40 1826 
1676 92 89 
527 1984 363 364 
1537 4023 3196 392 1395 738 3197 285 1498 
150 151 2751 139 381 232 1227 142 143 9 115 268 
532 376 285 559 2974 629 1755 1876 
4241 312 315 316 318 319 294 
1749 1945 505 647 658 221 4708 4709 1140 4710 
1525 2487 1197 4343 4711 416 415 673 4712 4713 1542 2218 
49 599 774 775 
1492 1591 1495 2726 4714 2573 4715 
2816 40 603 2600 617 577 577 229 3454 2816 40 603 
1409 2751 119 4716 241 40 3642 949 639 
4717 1929 4718 50 53 278 
4719 2794 4720 221 4721 111 4722 48 4132 4723 1498 573 303 
2358 692 2347 4724 4725 2358 692 2360 619 
889 890 2543 104 4726 891 160 3902 4727 1612 106 182 
61 3819 4728 4729 61 3319 1933 1744 4730 
4241 699 700 4731 
866 1080 49 1918 104 106 182 523 104 
1204 4732 4733 4734 254 281 254 281 1310 
295 142 352 85 355 815 266 154 80 83 84 420 
1454 710 711 712 26 713 714 220 715 221 716 4485 
4735 4736 4737 1209 4738 392 1402 83 84 420 274 4739 
83 84 85 295 4740 139 1714 
4741 632 
1823 150 151 2455 4742 491 142 143 1402 4743 1090 
4744 150 151 142 143 4745 1729 946 
4746 789 954 497 4747 4748 1857 4749 2796 4746 44 573 4750 
603 1343 1628 4751 696 8 4752 4753 
1492 1591 1495 1497 1498 1499 1593 1498 4754 801 4755 1728 4756 184 
1737 229 230 466 381 1046 
23 24 25 26 27 28 29 278 27 28 4757 23 99 1409 3407 
699 701 4758 
3587 130 131 133 134 3588 130 131 3587 757 83 2504 3589 
4759 4760 40 116 142 4761 
2647 3309 36 321 2645 2124 480 268 
516 4762 274 569 570 147 571 228 1570 194 194 569 570 274 4763 
643 642 1216 1217 883 194 
130 131 404 133 134 2160 3712 731 954 3258 3237 4764 44 
399 819 820 700 1542 3055 2098 4581 79 1734 
83 84 85 
133 134 404 405 130 406 407 408 130 131 1562 285 
356 693 575 778 53 356 693 575 778 3582 4765 1484 4766 
3338 40 823 366 4767 4768 3295 
192 790 4769 4016 4770 740 
4771 94 3066 4772 4773 1209 1210 4774 120 794 4775 4776 1722 2922 
4 1952 1953 173 1537 1538 972 4 1953 1952 4637 
1650 1949 2169 1967 1965 4777 
9 170 10 4778 1941 9 4779 274 1040 4780 170 10 
130 131 133 134 404 405 787 133 914 546 404 405 
232 841 841 1353 1081 1406 232 841 846 4781 997 97 
1058 62 208 1058 3616 841 1058 208 480 1058 1071 274 4782 4783 4784 
232 296 85 333 4337 4785 4786 
1292 313 3280 40 4787 4788 
107 108 109 42 110 111 107 108 436 437 438 4789 
232 1048 4790 2769 120 
2455 558 2588 4791 219 147 484 740 
3522 3218 3522 510 1703 1704 
1364 856 4792 574 943 163 164 292 2146 1529 4793 
1505 254 4794 281 
4795 688 689 690 691 692 
643 642 1216 1217 194 
2464 4796 4797 1981 287 104 202 1028 106 
229 230 466 287 875 238 634 1046 2640 2641 3134 210 873 
4798 1562 50 50 31 179 1372 433 2012 337 1503 384 
2662 1081 2663 40 559 274 873 
510 4799 296 295 942 232 85 
321 285 559 2519 376 
448 101 2006 4800 856 210 523 466 619 1716 
4801 407 2257 1138 1139 
562 232 841 841 1353 1081 1406 
1199 1200 1219 103 1867 4632 194 
241 366 4802 365 366 241 365 
3280 4803 2967 391 1333 1391 1065 
50 1347 1348 1043 179 1372 4804 333 337 115 4805 2164 775 
2751 241 40 1468 
241 365 4806 4802 365 679 4242 2671 1510 
4807 1572 210 523 1573 
4808 3016 85 154 296 524 3584 
241 2610 1965 40 625 99 128 3607 40 1470 4809 
399 346 1010 257 1070 362 3490 4581 819 820 700 1734 
229 230 179 276 237 238 232 276 
1162 1398 392 586 49 4810 109 4811 475 3380 
639 3111 274 1058 1071 4507 497 1058 3764 268 542 
190 707 192 193 113 190 195 196 4812 391 4813 
50 4814 31 1044 4815 337 693 35 1347 1348 1043 99 484 42 4816 
2343 1264 1961 975 40 111 159 159 
1448 331 332 333 337 
4817 324 4818 2500 973 
4434 1983 133 3587 130 131 133 134 393 2077 4819 
668 669 3756 4820 977 4821 4449 85 558 391 296 2005 
498 296 85 
1448 331 4804 4822 4823 335 31 336 331 524 
752 1618 491 238 229 230 1805 1174 1175 268 
4824 498 85 139 296 
91 4825 516 4826 1329 262 4827 4828 
1610 1199 1200 1867 1975 
657 654 2715 656 4829 3819 4830 
4831 803 792 4831 277 267 1141 901 1039 1191 399 803 
83 84 281 3677 1207 254 477 2061 3678 4832 118 292 
192 1000 4833 769 4834 4835 182 182 106 
530 532 558 317 285 559 560 158 527 
2044 387 1700 2045 57 2046 387 
498 668 4763 85 801 1335 296 
4836 10 9 4837 4763 4836 10 
229 230 1272 1273 381 35 194 4838 1415 4839 4840 3643 4841 9 
160 532 3374 
229 230 58 381 1046 
133 134 404 405 1031 787 130 131 827 274 130 131 1032 133 134 1033 
4134 1490 1491 3360 354 1485 635 510 699 700 
1204 281 2927 379 457 281 
1218 1199 1200 103 664 4842 1824 111 
296 85 2650 4843 
3587 4126 4844 339 130 131 404 337 3139 
3680 130 131 133 134 404 405 3989 285 404 133 134 
356 47 574 774 775 
866 1262 103 104 384 99 4202 
364 156 440 1756 1189 
413 99 4845 4846 416 415 417 2164 930 417 4329 4847 
235 236 237 491 238 749 128 287 
113 190 431 1158 192 193 113 190 4848 4849 
345 2108 624 1799 
3348 823 798 1413 798 1413 3350 699 701 7 
4801 407 2257 1138 1139 4850 4851 49 333 1211 
853 113 190 2293 192 193 83 84 4006 
229 230 58 381 1046 
4852 1316 1186 254 
566 567 89 568 
1741 85 139 296 
3059 4853 1519 415 85 4854 1172 271 296 
3350 571 571 767 4855 569 570 571 4856 1250 
294 229 230 139 238 
998 1720 1003 866 1000 1353 
2141 586 40 4857 2327 3707 4858 1910 4859 
391 1353 3067 1629 390 586 392 1771 4860 4861 4862 1673 586 
778 89 566 567 
992 994 2785 4863 4864 85 
1611 1771 1007 2217 321 1593 485 240 
901 1069 2654 2509 867 693 1039 
232 603 365 4087 603 232 4507 4865 1366 366 
1138 1139 573 2851 
341 229 230 139 487 237 466 656 1174 1175 229 230 488 489 
486 4866 4867 4868 
1945 4869 8 1765 57 266 1320 658 405 1501 718 274 505 658 4580 
1572 3042 803 267 4870 4871 
4872 1222 1955 1199 1200 
1676 4303 1100 
150 151 4212 2500 229 230 4873 491 749 
4874 4875 2938 
399 1734 2098 819 820 700 317 4876 2762 
1264 1961 975 1406 40 4209 
466 133 134 1760 2160 130 131 4877 
1009 1092 1093 1094 624 1095 1096 1097 
142 143 635 115 150 151 4878 1227 4879 4363 159 
823 562 4880 2361 281 1378 1204 254 2273 8 4880 2361 281 1378 4881 4882 
20 4507 2999 210 523 2062 4883 206 1035 207 
130 131 133 134 4884 221 4885 1838 665 133 1081 318 
85 296 3153 498 79 
229 230 4873 1945 381 634 857 4886 4887 4681 1964 229 230 
824 124 177 4888 
2535 113 190 4889 856 2934 434 296 4890 4891 
4892 500 624 40 625 4893 4894 40 
4895 2787 124 177 964 3715 785 1185 1650 268 
533 532 558 527 
4896 4897 4896 40 2511 4898 622 40 219 
1676 207 
652 4899 4900 4645 4901 4902 120 2047 2048 1359 
40 4903 4904 586 40 4903 586 4905 
142 143 501 4679 4362 151 381 
1053 550 532 1465 527 1650 1280 
632 446 101 
2411 1378 2411 281 1204 4906 463 405 639 359 
4907 40 4907 40 4908 3258 4909 
4759 4760 40 116 142 4910 116 142 4759 
264 154 83 84 85 
953 40 2061 4911 
1679 1053 455 670 1871 1055 664 635 455 333 452 4912 456 
365 366 4913 4243 365 366 4913 4243 365 366 603 1294 4914 
774 775 274 467 356 269 50 885 95 695 508 952 
66 67 994 992 83 84 85 
639 717 718 274 111 500 962 1199 3681 1200 
4915 8 824 817 124 177 
4916 1704 281 4917 1378 404 405 2411 635 
3556 4918 607 866 54 103 958 104 4919 
4920 130 131 1647 4921 404 19 562 130 2504 4922 
803 794 4431 791 792 334 267 2244 800 
654 2715 656 1046 657 924 
2851 1613 1614 953 1081 554 4923 475 1619 953 4924 4925 4926 
4927 4928 50 4814 31 1044 4815 337 
227 731 732 1878 507 1897 227 
562 227 3369 228 710 225 4929 118 3592 3593 227 
1213 1587 1588 4930 4931 1965 4932 99 581 1216 160 2911 
229 230 1420 487 237 238 274 4933 1058 
491 238 1527 229 230 4934 229 4935 229 230 4936 4385 
639 366 111 4937 
4938 1846 1641 4090 4939 4800 40 2012 918 1579 4940 1827 
2320 4939 4800 366 1674 4941 4942 40 2320 4939 4800 
383 696 571 4565 571 4565 767 
4943 4944 1009 303 560 
227 1943 4325 4326 3775 1278 2995 227 677 1943 
4945 1547 381 232 236 149 4946 
192 2375 1488 741 4947 
3953 3954 4948 291 292 293 4949 4950 3069 
4111 274 2169 1963 925 4951 3306 4952 4953 2169 1963 2486 
2730 1514 4954 1718 4075 265 953 1718 2008 1628 
364 440 1453 399 1189 
381 1046 229 230 1046 236 857 858 859 860 861 4955 4956 
62 622 40 4957 
4363 501 115 150 151 99 139 381 1813 
889 4958 4661 4959 4960 2708 2709 4961 4962 2708 2709 3943 755 
113 190 4661 192 193 707 9 110 753 
1607 1428 1391 2671 1606 953 354 2258 800 4963 366 4964 
71 2695 2696 783 72 4965 
1181 2730 2731 1343 4770 740 89 212 4966 2796 4967 
141 4968 2037 324 102 632 
1216 1217 3041 226 69 1162 643 139 4969 
1847 3046 4970 4971 4972 1039 4973 1041 803 
295 85 847 232 85 4974 4149 
2060 2061 40 
485 4975 1112 2708 2709 
130 131 204 170 130 131 205 4976 4977 1531 130 131 204 899 
274 1612 219 220 901 1856 803 4978 2532 4979 
156 399 29 4980 2099 882 
47 49 50 887 888 31 51 52 53 47 
819 820 700 2098 399 1734 
2021 210 523 727 4981 83 84 110 85 
4756 621 622 40 1391 3533 
391 392 274 4982 4983 83 84 879 2012 4984 
881 642 4985 643 4986 642 4987 536 1735 1113 780 4988 
130 131 133 134 404 405 787 133 914 546 404 405 
4989 85 945 946 2473 296 
787 83 84 4990 296 281 
1415 1416 120 1232 856 1415 1416 1562 4991 9 4992 4993 4994 
4920 133 134 4995 727 4996 130 131 4997 404 205 964 4998 
229 230 139 466 276 855 9 229 230 231 466 2456 333 4999 
109 50 95 695 
579 519 50 95 695 52 53 54 1239 50 1346 56 95 695 
5000 1058 1071 497 2161 5001 794 
1054 1055 1753 364 5002 
1292 2141 365 366 2141 5003 3975 1788 3962 366 
1121 5004 120 
3499 726 99 699 700 3361 900 1672 1182 
3356 224 225 3357 510 3358 2880 4169 387 3656 5005 
354 85 296 1692 1172 173 5006 1815 
5007 160 2879 1009 624 303 560 925 4860 2842 4800 160 3107 
1261 103 104 106 194 194 259 379 3441 516 4693 5008 
1589 1137 1199 1200 
632 2473 935 668 669 85 102 1827 296 
500 1199 1200 962 384 
5009 2757 5010 356 47 574 774 775 889 890 2543 
925 264 85 5011 232 296 159 
1510 5012 446 447 448 100 970 
210 523 3992 785 854 89 566 5013 
791 792 4916 5014 901 3949 
2273 787 5015 1207 2273 5016 5017 1704 5018 
5019 1126 5020 505 2036 582 647 1346 5021 5022 
812 813 
632 173 5023 312 1751 314 315 316 317 318 319 
232 80 83 84 1160 1303 4149 85 
1641 816 456 5011 1298 1053 5024 793 
753 1925 3398 5025 1927 40 1928 
4 2945 354 1538 972 4 4713 5026 5027 
113 190 5028 5029 192 193 209 2733 5030 465 97 
194 104 201 3515 202 891 2673 437 523 1176 5031 1724 
9 2471 229 230 2971 381 1393 4717 793 274 1393 
889 890 2543 104 4883 202 894 3353 
1510 699 700 339 816 339 5032 
5033 1674 1675 192 1000 1027 998 3504 182 106 5034 
2324 366 2325 2326 1470 2327 40 2328 173 80 
5035 3198 40 3195 677 5036 4366 1077 
1138 1139 210 387 546 
224 225 226 227 228 3356 224 225 3357 510 3358 2880 5037 
632 101 
380 320 259 379 322 323 1459 1460 1461 
616 258 1562 5038 399 1905 
354 85 815 116 67 295 4149 83 84 420 85 
3275 4275 229 230 558 491 1390 151 3439 1481 3275 
2816 2816 40 2816 40 5039 1153 5040 415 4140 1925 720 3131 5037 
1607 3256 47 1735 574 5041 
285 559 560 2653 530 532 376 31 321 712 285 
40 1409 602 5042 4968 1120 3319 949 469 
752 142 352 
66 67 5043 498 296 85 80 
356 5044 574 1241 2889 577 
1408 312 314 315 316 317 318 319 
1225 40 1731 
2069 120 341 923 856 2048 1359 4100 
586 83 84 420 113 190 191 192 193 113 190 5045 
5046 560 5047 5048 740 220 374 1919 
1199 1200 1137 1883 1218 962 1562 3637 1200 3533 5049 111 
5050 3079 498 3571 83 84 85 
381 634 875 238 
287 104 1028 5051 4834 
40 111 4627 2327 173 2262 3180 1994 729 5052 
1160 1303 295 85 232 83 84 85 66 
979 71 2074 2075 1669 2239 2076 80 
785 274 4 5053 5 5054 559 1945 5055 5056 480 
1186 1824 163 164 32 5057 
1266 602 40 435 
2417 5058 254 5059 2422 2380 5060 5061 5017 5062 
2562 1133 61 2810 2733 5063 5064 1173 1562 120 341 923 5065 5066 
5067 40 274 5068 95 5069 40 
3896 1838 130 131 133 134 1760 130 5070 117 5071 
688 689 690 691 692 300 278 688 2549 
141 10 3100 
52 53 519 50 180 5072 
130 131 133 134 404 405 787 133 914 
141 1490 1491 3360 3447 1278 798 701 699 700 
809 101 632 448 
643 642 1216 1217 883 194 
5073 5074 5075 602 40 823 536 1115 
2662 800 1081 2663 40 2663 5076 2662 800 
5077 106 664 1955 1483 4650 
1323 5078 264 296 85 
2994 321 19 1080 1409 5079 5080 3615 5081 
643 642 1216 1217 69 2343 4214 878 
1889 5082 
2496 5083 579 52 53 47 1347 1043 1044 1372 5084 1502 5085 
1255 1516 1244 1724 1516 1244 185 1150 1155 788 185 
296 2364 668 669 85 4741 232 
113 190 192 193 5086 5087 190 192 193 195 5088 
294 2611 85 296 
1605 254 1632 
173 266 366 1058 5089 5090 471 366 480 41 471 
1162 1199 1200 962 
363 364 4054 5091 3952 2708 2709 759 
693 54 2518 31 1347 1348 1043 577 5092 
1961 1962 28 397 3221 1630 5093 1963 2856 1968 1961 1962 28 397 5094 5095 
5096 4472 5097 210 523 
